0 1 -9.38136e-05 -9.47813e-06 0.00107915 9.3814e-05 1 4.56418e-05 0.000818763 9.47385e-06 -4.56426e-05 1 -0.00160359 
7 0.999932 0.00164226 -0.0115881 0.267425 -0.0016731 0.999995 -0.00265206 0.224372 0.0115837 0.00267126 0.999929 -8.45546 
9 0.999956 0.00516122 -0.00780423 0.254851 -0.00518765 0.999981 -0.00336992 0.297251 0.00778668 0.00341025 0.999964 -10.9652 
10 0.999975 0.00429527 -0.00564929 0.216165 -0.00431374 0.999985 -0.00326051 0.307589 0.0056352 0.0032848 0.999979 -12.0937 
12 0.999989 0.00166158 -0.00427129 0.24404 -0.00167408 0.999994 -0.00292448 0.348838 0.00426641 0.0029316 0.999987 -14.6603 
13 0.99999 0.00155188 -0.00414825 0.250692 -0.00156231 0.999996 -0.00251305 0.359415 0.00414434 0.0025195 0.999988 -15.8479 
14 0.99999 0.00320608 -0.0030192 0.214939 -0.0032166 0.999989 -0.00348617 0.399408 0.00300799 0.00349585 0.999989 -17.0094 
16 0.999994 0.00195854 -0.00273741 0.240869 -0.00196449 0.999996 -0.00217481 0.416037 0.00273314 0.00218017 0.999994 -19.5089 
17 0.999993 0.00343616 -0.00130431 0.201557 -0.00343854 0.999992 -0.0018262 0.432185 0.00129802 0.00183068 0.999997 -20.6979 
18 0.999996 0.00265744 -0.000575181 0.191949 -0.00265882 0.999994 -0.00240898 0.467397 0.000568776 0.0024105 0.999997 -21.9438 
19 0.999996 0.00272606 -0.000101887 0.190311 -0.00272629 0.999994 -0.00233465 0.487159 9.55217e-05 0.00233492 0.999997 -23.1727 
20 0.999996 0.00260766 0.00098492 0.172904 -0.00260615 0.999995 -0.00153692 0.489537 -0.000988923 0.00153435 0.999998 -24.399 
22 0.99999 0.00372075 0.00248795 0.146409 -0.00371066 0.999985 -0.00404871 0.600036 -0.00250298 0.00403944 0.999989 -26.8793 
23 0.999986 0.00400461 0.00337482 0.130967 -0.00399044 0.999983 -0.00419621 0.627457 -0.00339157 0.00418269 0.999986 -28.12 
24 0.99998 0.0047286 0.00411481 0.116811 -0.00471512 0.999984 -0.00327742 0.623081 -0.00413024 0.00325796 0.999986 -29.3536 
25 0.999973 0.00513644 0.00519885 0.0861106 -0.00512494 0.999984 -0.0022221 0.61177 -0.00521018 0.00219539 0.999984 -30.5804 
26 0.999972 0.00455659 0.00587187 0.0735618 -0.0045434 0.999987 -0.00225829 0.63406 -0.00588208 0.00223155 0.99998 -31.806 
27 0.999966 0.00504245 0.00654285 0.0553185 -0.00502424 0.999983 -0.00279663 0.67215 -0.00655684 0.00276366 0.999975 -33.0299 
28 0.999961 0.00525352 0.00711173 0.0461233 -0.00523197 0.999982 -0.00304572 0.703806 -0.0071276 0.00300839 0.99997 -34.2746 
29 0.999953 0.00582761 0.00777038 0.026165 -0.00580477 0.999979 -0.00295805 0.723435 -0.00778745 0.0029128 0.999965 -35.4991 
30 0.999949 0.00602735 0.0081462 0.0194976 -0.00600409 0.999978 -0.00287667 0.741413 -0.00816335 0.00282761 0.999963 -36.7244 
31 0.99994 0.00693655 0.00850177 0.0131723 -0.00690591 0.99997 -0.00362745 0.792867 -0.00852667 0.00356852 0.999957 -37.9568 
32 0.999944 0.00665009 0.00828111 0.0270398 -0.00660926 0.999966 -0.00494838 0.868814 -0.00831374 0.00489337 0.999953 -39.1844 
33 0.999945 0.00617926 0.00844666 0.0255504 -0.00613038 0.999964 -0.00580008 0.928243 -0.0084822 0.00574799 0.999948 -40.4257 
34 0.99995 0.0055413 0.00838314 0.0372905 -0.0054963 0.99997 -0.00538172 0.935781 -0.00841271 0.00533537 0.99995 -41.6591 
35 0.999958 0.00431915 0.00810718 0.0574591 -0.00427645 0.999977 -0.00527754 0.950307 -0.00812979 0.00524265 0.999953 -42.8883 
36 0.99997 0.00146298 0.00763744 0.0837318 -0.0014084 0.999973 -0.00714725 1.0548 -0.00764769 0.00713628 0.999945 -44.1284 
37 0.999982 0.00149507 0.00575451 0.175297 -0.00143836 0.99995 -0.00984724 1.19412 -0.00576894 0.00983879 0.999935 -45.3727 
38 0.999993 0.000632915 0.00361511 0.28792 -0.000587189 0.99992 -0.0126357 1.34457 -0.00362281 0.0126335 0.999914 -46.5643 
39 0.999998 0.000192901 0.00216367 0.357509 -0.00015852 0.999874 -0.0158793 1.51851 -0.00216647 0.015879 0.999872 -47.8216 
40 0.999999 0.000883372 0.000918723 0.424261 -0.000867405 0.999851 -0.0172368 1.60902 -0.000933812 0.0172359 0.999851 -49.0481 
41 0.999996 0.00252147 -0.000879582 0.519038 -0.00253499 0.999873 -0.0157287 1.55329 0.000839811 0.0157309 0.999876 -50.2835 
42 0.999997 0.00170864 -0.00169461 0.566484 -0.00173209 0.999901 -0.0139341 1.48469 0.00167063 0.0139369 0.999901 -51.5135 
43 0.999996 0.001165 -0.00258678 0.617792 -0.00119995 0.999907 -0.0135484 1.48624 0.00257076 0.0135515 0.999905 -52.7384 
44 0.999995 0.00160322 -0.00260986 0.626302 -0.00163699 0.999914 -0.0129888 1.47795 0.00258881 0.012993 0.999912 -53.9682 
45 0.999995 0.00238703 -0.00191514 0.595457 -0.0024097 0.999926 -0.0119282 1.44028 0.00188652 0.0119328 0.999927 -55.1963 
46 0.999997 0.00231923 -0.000268607 0.511871 -0.0023224 0.999919 -0.0124839 1.49526 0.000239633 0.0124845 0.999922 -56.4129 
47 0.999997 0.00215201 0.00110979 0.4415 -0.00213686 0.999907 -0.0134746 1.57089 -0.00113868 0.0134722 0.999909 -57.6538 
48 0.999994 0.00248757 0.00234345 0.374533 -0.00245452 0.999899 -0.0140003 1.62591 -0.00237804 0.0139945 0.999899 -58.8556 
49 0.999994 0.00138829 0.00318774 0.332061 -0.00134456 0.999906 -0.0136793 1.62911 -0.00320643 0.0136749 0.999901 -60.0871 
50 0.999992 0.00106856 0.00376032 0.30865 -0.00101764 0.999908 -0.0135181 1.64212 -0.00377442 0.0135142 0.999902 -61.3163 
51 0.999991 0.00187958 0.00371616 0.316441 -0.00183147 0.999915 -0.0129073 1.62764 -0.00374011 0.0129004 0.99991 -62.561 
52 0.999988 0.002845 0.00390762 0.313494 -0.00279817 0.999925 -0.0119366 1.58681 -0.00394129 0.0119256 0.999921 -63.7827 
53 0.999986 0.00314918 0.0041783 0.30251 -0.0030937 0.999908 -0.0132194 1.69276 -0.00421955 0.0132063 0.999904 -65.0017 
54 0.999985 0.00331398 0.00435494 0.297009 -0.00324901 0.999885 -0.014841 1.82542 -0.00440362 0.0148266 0.99988 -66.2238 
55 0.999985 0.002799 0.00472848 0.276432 -0.00273634 0.999909 -0.0132064 1.74128 -0.00476501 0.0131933 0.999902 -67.4553 
56 0.999987 0.00114359 0.00488517 0.26944 -0.00108451 0.999926 -0.0120791 1.6876 -0.00489863 0.0120736 0.999915 -68.6813 
57 0.999987 -0.00103701 0.00491034 0.278004 0.00109821 0.999922 -0.0124781 1.74274 -0.00489702 0.0124834 0.99991 -69.8924 
58 0.999984 -0.00277748 0.004918 0.28371 0.00283905 0.999917 -0.0125564 1.76991 -0.00488271 0.0125702 0.999909 -71.1024 
59 0.99998 -0.00425569 0.00471712 0.307001 0.00431652 0.999907 -0.0129607 1.82045 -0.00466152 0.0129808 0.999905 -72.3074 
60 0.999982 -0.00480668 0.00372159 0.388177 0.00485796 0.999892 -0.0138975 1.91332 -0.00365439 0.0139153 0.999896 -73.5188 
61 0.999976 -0.00674587 0.00166747 0.55106 0.00676965 0.999869 -0.0146921 1.99667 -0.00156814 0.014703 0.999891 -74.7288 
62 0.999986 -0.00518654 -0.000938785 0.751205 0.00517425 0.999907 -0.0126515 1.86764 0.00100431 0.0126464 0.99992 -75.9365 
63 0.999991 -0.00247939 -0.00337586 0.942394 0.00245391 0.999969 -0.00753135 1.49566 0.00339443 0.007523 0.999966 -77.1528 
64 0.999977 -0.00336915 -0.00585534 1.14184 0.0033276 0.999969 -0.0070926 1.48125 0.00587905 0.00707296 0.999958 -78.3578 
65 0.999958 -0.00251473 -0.00884286 1.38627 0.00242029 0.99994 -0.0106734 1.7868 0.00886918 0.0106515 0.999904 -79.5486 
66 0.999921 -0.00293937 -0.0122583 1.66488 0.0027929 0.999925 -0.0119486 1.91272 0.0122925 0.0119134 0.999853 -80.7439 
68 0.999808 -0.00232131 -0.0194693 2.2618 0.00218019 0.999971 -0.00726627 1.57255 0.0194856 0.00722243 0.999784 -83.0826 
70 0.999647 -0.000119162 -0.0265651 2.87839 4.46426e-05 0.999996 -0.00280575 1.23943 0.0265654 0.00280357 0.999643 -85.4646 
71 0.999543 -5.66176e-06 -0.0302337 3.20014 -0.000130836 0.99999 -0.00451276 1.41059 0.0302334 0.00451465 0.999533 -86.6319 
72 0.999425 -0.00113085 -0.0338744 3.52112 0.000955578 0.999986 -0.00518982 1.49514 0.0338798 0.00515446 0.999413 -87.794 
73 0.999298 -0.000710883 -0.0374676 3.84503 0.000594017 0.999995 -0.00313014 1.33582 0.0374697 0.00310569 0.999293 -88.9608 
74 0.999166 -0.00050192 -0.0408393 4.14627 0.000469362 1 -0.000806808 1.14826 0.0408397 0.000786967 0.999165 -90.1217 
75 0.999034 -0.000533707 -0.0439442 4.42678 0.000512528 1 -0.000493213 1.1404 0.0439444 0.000470214 0.999034 -91.2655 
76 0.998892 0.00066887 -0.0470517 4.72116 -0.000745061 0.999998 -0.00160178 1.26438 0.0470505 0.00163507 0.998891 -92.4238 
78 0.998626 0.00187926 -0.0523755 5.22908 -0.00213647 0.999986 -0.00485531 1.60919 0.0523657 0.00496053 0.998616 -94.7564 
79 0.998501 0.003285 -0.0546327 5.44515 -0.00360469 0.999977 -0.00575408 1.71764 0.0546125 0.00594239 0.99849 -95.9219 
80 0.99838 0.00456788 -0.0567076 5.65179 -0.00476747 0.999983 -0.00338492 1.51025 0.0566912 0.00364979 0.998385 -97.0915 
81 0.998248 0.00640757 -0.0588235 5.85466 -0.00640709 0.999979 0.000196661 1.1793 0.0588235 0.000180571 0.998268 -98.2841 
82 0.998135 0.00584815 -0.0607645 6.05113 -0.00568493 0.99998 0.00285854 0.933228 0.06078 -0.00250777 0.998148 -99.4752 
83 0.998044 0.00569521 -0.0622555 6.19939 -0.00547498 0.999978 0.00370763 0.86533 0.0622752 -0.00335953 0.998053 -100.673 
84 0.998008 0.00536532 -0.0628534 6.26801 -0.00517462 0.999982 0.00319651 0.934245 0.0628694 -0.0028649 0.998018 -101.875 
85 0.998039 0.00526068 -0.0623715 6.23 -0.00517433 0.999985 0.00154577 1.12166 0.0623788 -0.00122001 0.998052 -102.978 
87 0.998247 0.00524267 -0.058948 5.88289 -0.00530442 0.999986 -0.000891192 1.41764 0.0589425 0.00120232 0.998261 -105.511 
89 0.998558 0.00462729 -0.0534745 5.32025 -0.00470724 0.999988 -0.00136941 1.50636 0.0534675 0.00161915 0.998568 -107.98 
91 0.998945 0.00300965 -0.0458176 4.51249 -0.00307676 0.999994 -0.00139417 1.54982 0.0458131 0.00153367 0.998949 -110.458 
93 0.999296 0.00202259 -0.037471 3.58948 -0.00214628 0.999992 -0.003261 1.79458 0.0374641 0.00333913 0.999292 -112.87 
95 0.999597 0.00146385 -0.0283669 2.576 -0.0015786 0.999991 -0.00402326 1.92818 0.0283608 0.00406642 0.999589 -115.43 
96 0.999724 0.000601871 -0.0234942 2.02109 -0.000693623 0.999992 -0.00389739 1.93227 0.0234916 0.00391261 0.999716 -116.665 
98 0.999904 -0.00075641 -0.0138564 0.905517 0.000713848 0.999995 -0.00307634 1.87685 0.0138586 0.00306616 0.999899 -119.143 
100 0.999956 -0.00468598 -0.00815375 0.230924 0.00466098 0.999984 -0.00308173 1.91629 0.00816807 0.00304359 0.999962 -121.62 
102 0.999947 -0.00809298 -0.00629958 0.0238035 0.00807381 0.999963 -0.00306347 1.95379 0.00632413 0.00301245 0.999975 -124.12 
104 0.99995 -0.00892324 -0.0045804 -0.178643 0.00890384 0.999951 -0.00424013 2.14298 0.00461801 0.00419914 0.999981 -126.629 
105 0.999909 -0.012958 -0.0038272 -0.263197 0.0129336 0.999896 -0.00632308 2.42348 0.00390874 0.006273 0.999973 -127.884 
106 0.999898 -0.0139735 -0.0030939 -0.352604 0.0139435 0.999857 -0.00952948 2.85618 0.00322662 0.00948536 0.99995 -129.138 
107 0.999915 -0.0128093 -0.00250757 -0.423485 0.012786 0.999877 -0.00911948 2.82706 0.00262408 0.00908665 0.999955 -130.406 
108 0.999918 -0.0126882 -0.00190139 -0.496567 0.0126735 0.999891 -0.00753897 2.63584 0.00199684 0.00751425 0.99997 -131.665 
109 0.999951 -0.00983897 -0.00118632 -0.580118 0.0098284 0.999915 -0.00860926 2.80141 0.00127093 0.00859718 0.999962 -132.976 
110 0.99997 -0.00768801 -0.000140945 -0.715371 0.0076861 0.999915 -0.010532 3.08312 0.000221903 0.0105306 0.999945 -134.231 
111 0.999991 -0.00430165 9.58039e-05 -0.741544 0.0043025 0.999916 -0.0122398 3.33513 -4.31447e-05 0.0122401 0.999925 -135.479 
112 0.999997 -0.00248555 0.000446385 -0.782683 0.00249136 0.999906 -0.0135177 3.53811 -0.000412744 0.0135187 0.999909 -136.758 
113 0.999999 0.00166775 6.01202e-05 -0.721255 -0.00166694 0.999932 -0.011564 3.29204 -7.94019e-05 0.0115638 0.999933 -138.031 
114 0.999991 0.00422444 4.30734e-05 -0.711519 -0.00422376 0.999936 -0.0105223 3.16907 -8.75215e-05 0.010522 0.999945 -139.311 
115 0.999984 0.0056327 8.91305e-05 -0.710871 -0.00563151 0.999932 -0.0101705 3.14187 -0.000146412 0.0101698 0.999948 -140.597 
116 0.999982 0.00592893 -0.000245216 -0.666475 -0.00593119 0.999927 -0.0105675 3.21997 0.000182543 0.0105688 0.999944 -141.886 
117 0.999986 0.0051608 -0.000940585 -0.557375 -0.00517228 0.999907 -0.0126486 3.5389 0.000875221 0.0126533 0.99992 -143.166 
118 0.999995 0.00267938 -0.00155465 -0.466713 -0.00270123 0.999895 -0.0142304 3.7901 0.00151636 0.0142345 0.999898 -144.437 
119 0.999993 0.00295459 -0.00216281 -0.37021 -0.00298135 0.999918 -0.0124732 3.55793 0.00212578 0.0124796 0.99992 -145.733 
121 0.999992 0.00230115 -0.00321098 -0.199142 -0.00232754 0.999963 -0.00824088 2.98278 0.00319189 0.00824829 0.999961 -148.314 
122 0.999987 0.00366 -0.00357311 -0.140183 -0.00367473 0.999985 -0.00412414 2.39369 0.00355796 0.00413721 0.999985 -149.589 
124 0.999983 0.00392996 -0.00422407 -0.0285098 -0.00392898 0.999992 0.000240425 1.77908 0.00422498 -0.000223824 0.999991 -152.146 
126 0.999986 0.00341374 -0.00392579 -0.0601409 -0.00341607 0.999994 -0.000588789 1.95639 0.00392376 0.000602192 0.999992 -154.72 
128 0.999991 0.00219471 -0.00352034 -0.111687 -0.00220227 0.999995 -0.00214588 2.24339 0.00351562 0.00215361 0.999992 -157.243 
129 0.999993 0.00205319 -0.00306362 -0.174083 -0.00205871 0.999996 -0.00179918 2.21367 0.00305992 0.00180548 0.999994 -158.525 
130 0.999996 0.00163545 -0.00242782 -0.269155 -0.00164055 0.999996 -0.0021035 2.28294 0.00242438 0.00210747 0.999995 -159.784 
131 0.999996 0.00215408 -0.00177736 -0.368749 -0.00216002 0.999992 -0.00334908 2.50782 0.00177014 0.00335291 0.999993 -161.058 
132 0.999999 0.00131948 -0.00112092 -0.467419 -0.00132355 0.999993 -0.00363832 2.57783 0.00111611 0.0036398 0.999993 -162.336 
133 1 0.000848845 -0.000467198 -0.563814 -0.000850122 0.999996 -0.00274044 2.45551 0.000464869 0.00274083 0.999996 -163.615 
134 1 0.000464588 0.000464553 -0.712222 -0.000463881 0.999999 -0.00152123 2.27774 -0.000465259 0.00152102 0.999999 -164.895 
135 0.999999 -0.000400464 0.00116053 -0.822852 0.00040236 0.999999 -0.0016347 2.3218 -0.00115988 0.00163516 0.999998 -166.18 
136 0.999999 4.63986e-05 0.00162985 -0.892126 -4.5498e-05 1 -0.000552589 2.16187 -0.00162988 0.000552514 0.999999 -167.444 
138 0.999995 -0.000653937 0.00320752 -1.14822 0.000653928 1 3.97499e-06 2.11457 -0.00320752 -1.87748e-06 0.999995 -170.023 
139 0.999993 -0.000885306 0.00373516 -1.22833 0.000890286 0.999999 -0.00133204 2.36531 -0.00373398 0.00133536 0.999992 -171.297 
140 0.99999 -0.000826125 0.00438374 -1.33276 0.000833514 0.999998 -0.00168396 2.44945 -0.00438234 0.0016876 0.999989 -172.58 
141 0.999986 -0.00118105 0.00508734 -1.44794 0.00119101 0.999997 -0.0019545 2.51771 -0.00508502 0.00196053 0.999985 -173.855 
142 0.999982 -0.00160003 0.00574977 -1.55725 0.00161296 0.999996 -0.0022439 2.59104 -0.00574616 0.00225314 0.999981 -175.132 
143 0.999978 -0.00183835 0.00638249 -1.66006 0.00184762 0.999997 -0.00144796 2.47321 -0.00637981 0.00145972 0.999979 -176.323 
144 0.999972 -0.00278416 0.00692346 -1.74871 0.00279074 0.999996 -0.000940536 2.40854 -0.00692081 0.000959831 0.999976 -177.691 
145 0.999969 -0.00293944 0.00734411 -1.81506 0.00294906 0.999995 -0.00129951 2.4958 -0.00734026 0.00132113 0.999972 -178.965 
146 0.999967 -0.00268231 0.00769474 -1.87136 0.00268468 0.999996 -0.000297998 2.34085 -0.00769392 0.000318646 0.99997 -180.236 
147 0.999968 -0.00147117 0.00782693 -1.89127 0.00146099 0.999998 0.0013068 2.07202 -0.00782883 -0.00129532 0.999969 -181.51 
148 0.999967 0.00160455 0.00793907 -1.89753 -0.00161382 0.999998 0.00116033 2.12165 -0.00793719 -0.00117311 0.999968 -182.793 
149 0.999965 0.00122428 0.00825851 -1.95216 -0.00120435 0.999996 -0.00241738 2.79815 -0.00826144 0.00240735 0.999963 -184.032 
150 0.999963 0.00214679 0.00836745 -1.96473 -0.00208968 0.999975 -0.00682764 3.63873 -0.00838189 0.0068099 0.999942 -185.278 
151 0.999965 0.00101701 0.00836422 -1.9579 -0.000965625 0.999981 -0.00614529 3.53486 -0.00837031 0.006137 0.999946 -186.538 
152 0.999965 -0.000400177 0.00832162 -1.94292 0.000425713 0.999995 -0.00306709 2.98024 -0.00832036 0.00307053 0.999961 -187.801 
153 0.999965 -0.00077461 0.00835759 -1.94398 0.000784161 0.999999 -0.00113955 2.64035 -0.0083567 0.00114606 0.999964 -189.05 
154 0.999964 -0.000600405 0.00851833 -1.96838 0.00061325 0.999999 -0.00150536 2.73392 -0.00851742 0.00151053 0.999963 -190.302 
155 0.999963 -0.0003669 0.00860123 -1.9786 0.000390492 0.999996 -0.0027414 2.99499 -0.00860019 0.00274466 0.999959 -191.551 
156 0.999963 -0.000485819 0.00855353 -1.96646 0.000527388 0.999988 -0.00485821 3.42695 -0.00855107 0.00486254 0.999952 -192.797 
157 0.999969 0.000100944 0.00785163 -1.82411 -5.65193e-05 0.999984 -0.00565798 3.60747 -0.00785207 0.00565737 0.999953 -194.049 
158 0.999978 6.28249e-05 0.00660128 -1.57562 -2.94823e-05 0.999987 -0.00505089 3.51442 -0.00660152 0.00505059 0.999965 -195.302 
159 0.999986 0.00121501 0.00518465 -1.28676 -0.00119694 0.999993 -0.00348821 3.23139 -0.00518886 0.00348196 0.99998 -196.546 
160 0.999992 0.00150985 0.00374184 -0.996168 -0.00150239 0.999997 -0.0019971 2.9623 -0.00374484 0.00199147 0.999991 -197.784 
161 0.999994 0.00211102 0.00267899 -0.778589 -0.00210711 0.999997 -0.00145997 2.87666 -0.00268206 0.00145432 0.999995 -199.104 
163 0.999997 0.00240471 5.37541e-05 -0.245109 -0.00240447 0.999989 -0.00402418 3.43989 -6.34305e-05 0.00402404 0.999992 -201.516 
164 0.999999 0.00139084 -0.00101021 -0.0215128 -0.00139539 0.999989 -0.00451606 3.56679 0.00100391 0.00451746 0.999989 -202.774 
165 0.999996 0.00175776 -0.00216579 0.21717 -0.00176769 0.999988 -0.00459406 3.60699 0.00215769 0.00459787 0.999987 -204.001 
166 0.999995 0.00121351 -0.00299223 0.390189 -0.00122766 0.999988 -0.00472992 3.65915 0.00298645 0.00473356 0.999984 -205.207 
167 0.999991 0.00125739 -0.00412905 0.62613 -0.00127763 0.999987 -0.00490325 3.71774 0.00412283 0.00490848 0.999979 -206.416 
168 0.999987 0.000887417 -0.00510447 0.839588 -0.000911768 0.999988 -0.00477019 3.71506 0.00510018 0.00477478 0.999976 -207.595 
170 0.999978 0.00204782 -0.00635349 1.11075 -0.0020787 0.999986 -0.00485776 3.78122 0.00634346 0.00487086 0.999968 -209.885 
172 0.999978 0.00267546 -0.00610878 1.07331 -0.00271686 0.999973 -0.00677897 4.24015 0.00609048 0.00679542 0.999958 -212.222 
174 0.999985 0.00206895 -0.00508747 0.870176 -0.00209845 0.999981 -0.00579832 4.08103 0.00507538 0.00580891 0.99997 -214.448 
176 0.999991 0.00220935 -0.00368636 0.576368 -0.00222705 0.999986 -0.00480489 3.91077 0.00367569 0.00481305 0.999982 -216.48 
178 0.999995 0.00311708 -0.00100918 0.0117263 -0.00312276 0.999979 -0.00567753 4.15231 0.00099146 0.00568065 0.999983 -218.747 
179 0.99999 0.00427213 0.001075 -0.43927 -0.00426413 0.999964 -0.00734211 4.54136 -0.00110632 0.00733745 0.999972 -219.783 
181 0.999978 0.00374425 0.00553336 -1.40854 -0.00369371 0.999952 -0.00911562 4.98097 -0.00556723 0.00909498 0.999943 -221.814 
182 0.999961 0.00349354 0.00812408 -1.97651 -0.0034232 0.999957 -0.00865578 4.90106 -0.00815397 0.00862764 0.99993 -222.8 
183 0.999935 0.00347074 0.0108553 -2.58127 -0.00337527 0.999956 -0.0088004 4.95536 -0.0108854 0.00876319 0.999902 -223.765 
184 0.999902 0.00301895 0.0136786 -3.20782 -0.00289067 0.999952 -0.009388 5.11182 -0.0137063 0.00934754 0.999862 -224.708 
185 0.999858 0.00262883 0.0166533 -3.87256 -0.00247815 0.999956 -0.00906206 5.06161 -0.0166764 0.0090195 0.99982 -225.624 
186 0.999805 0.00277897 0.0195636 -4.52458 -0.00261155 0.99996 -0.0085782 4.97342 -0.0195866 0.00852544 0.999772 -226.518 
187 0.99973 0.00298871 0.0230298 -5.29303 -0.00280701 0.999965 -0.00791814 4.84394 -0.0230526 0.00785136 0.999703 -227.238 
188 0.999662 0.00195615 0.0259121 -5.95305 -0.0017548 0.999968 -0.00779107 4.83744 -0.0259265 0.00774297 0.999634 -228.222 
189 0.999579 0.00152606 0.0289803 -6.64759 -0.00132086 0.999974 -0.0070985 4.70051 -0.0289904 0.00705723 0.999555 -229.044 
190 0.999502 -0.000284638 0.0315662 -7.2397 0.000507901 0.999975 -0.00706506 4.71271 -0.0315634 0.00707757 0.999477 -229.845 
191 0.999485 -0.000942888 0.0320836 -7.35475 0.00118607 0.999971 -0.00756144 4.84543 -0.0320755 0.00759559 0.999457 -230.638 
192 0.999495 -0.000843621 0.0317638 -7.27534 0.00111299 0.999964 -0.00846376 5.073 -0.0317555 0.00849484 0.99946 -231.415 
193 0.999514 -0.000880182 0.0311539 -7.12887 0.00116687 0.999957 -0.00918542 5.2599 -0.0311445 0.00921731 0.999472 -232.177 
194 0.999516 -0.000813948 0.0311007 -7.1045 0.00108438 0.999962 -0.00867942 5.15706 -0.0310924 0.00870894 0.999479 -232.803 
195 0.999532 -0.00140533 0.0305687 -6.98588 0.00161487 0.999975 -0.00683101 4.74562 -0.0305583 0.00687718 0.999509 -233.671 
196 0.999559 -0.00145887 0.0296694 -6.77181 0.00160094 0.999987 -0.00476528 4.27774 -0.0296621 0.00481068 0.999548 -234.421 
197 0.999591 -0.00154757 0.0285486 -6.50608 0.00164713 0.999993 -0.00346433 3.9884 -0.028543 0.00350994 0.999586 -235.165 
198 0.999626 -0.00223323 0.0272546 -6.19994 0.00231179 0.999993 -0.00285138 3.85661 -0.027248 0.00291332 0.999624 -235.891 
199 0.999674 -0.00161772 0.0254846 -5.77262 0.00168663 0.999995 -0.00268271 3.83084 -0.0254801 0.00272481 0.999672 -236.625 
201 0.99976 -0.00152957 0.0218648 -4.9103 0.00158596 0.999995 -0.00256186 3.83073 -0.0218607 0.00259592 0.999758 -238.09 
203 0.99986 -0.00143806 0.0166745 -3.66482 0.00148216 0.999995 -0.00263289 3.8757 -0.0166706 0.00265724 0.999858 -239.536 
205 0.999941 0.000586754 0.0108313 -2.25741 -0.000547783 0.999993 -0.00360061 4.13522 -0.0108334 0.00359447 0.999935 -240.957 
207 0.999988 0.00132071 0.00479013 -0.791436 -0.00130453 0.999993 -0.0033799 4.11027 -0.00479456 0.00337361 0.999983 -242.346 
208 0.999997 0.00149356 0.00177896 -0.0576798 -0.00148798 0.999994 -0.00313454 4.06278 -0.00178363 0.00313189 0.999994 -243.016 
210 0.999991 0.000311469 -0.0042449 1.41593 -0.000318286 0.999999 -0.00160527 3.70852 0.00424439 0.00160661 0.99999 -244.055 
212 0.999957 -0.000123897 -0.00931542 2.65822 9.5704e-05 0.999995 -0.0030269 4.08817 0.00931575 0.00302587 0.999952 -245.79 
214 0.999904 8.037e-05 -0.0138658 3.78466 -9.85952e-05 0.999999 -0.00131371 3.6911 0.0138657 0.00131495 0.999903 -247.198 
215 0.999876 -5.12454e-05 -0.0157582 4.25355 6.53462e-05 1 0.000894313 3.15186 0.0157581 -0.000895232 0.999875 -247.697 
216 0.999859 0.00124691 -0.0167616 4.51313 -0.00120505 0.999996 0.00250782 2.76333 0.0167646 -0.00248726 0.999856 -248.609 
217 0.999855 0.00100857 -0.0169737 4.56857 -0.000957415 0.999995 0.00302174 2.64581 0.0169766 -0.00300506 0.999851 -249.325 
218 0.999855 0.0016118 -0.0169693 4.57079 -0.00155366 0.999993 0.00343903 2.55211 0.0169747 -0.00341217 0.99985 -250.011 
219 0.999849 0.000756934 -0.017354 4.66997 -0.000692352 0.999993 0.00372715 2.49216 0.0173567 -0.00371457 0.999842 -250.769 
220 0.999846 -9.56341e-05 -0.0175613 4.72186 0.000170893 0.999991 0.00428403 2.36265 0.0175608 -0.00428637 0.999837 -251.466 
222 0.999826 0.00477122 -0.0180515 4.86815 -0.00461961 0.999954 0.00843117 1.33705 0.0180909 -0.00834631 0.999802 -252.992 
223 0.999794 0.00805723 -0.0186419 5.0271 -0.007884 0.999925 0.00934738 1.11284 0.0187158 -0.00919847 0.999783 -253.744 
224 0.999806 0.0053828 -0.018953 5.09945 -0.00528086 0.999971 0.00542448 2.11728 0.0189817 -0.00532334 0.999806 -254.498 
225 0.999807 0.00146316 -0.0196118 5.26034 -0.00148067 0.999999 -0.000878241 3.73747 0.0196105 0.00090711 0.999807 -255.254 
226 0.999792 0.00212363 -0.0202757 5.43423 -0.00221224 0.999988 -0.00434862 4.6413 0.0202663 0.00439257 0.999785 -256.019 
227 0.999739 0.0032124 -0.022601 6.03507 -0.0032655 0.999992 -0.00231296 4.13452 0.0225934 0.00238616 0.999742 -256.78 
228 0.999636 0.00218858 -0.0268768 7.13421 -0.00207971 0.99999 0.00407795 2.49507 0.0268855 -0.00402057 0.99963 -257.585 
230 0.999426 -0.00142737 -0.0338589 8.93754 0.00167788 0.999971 0.00737151 1.66256 0.0338474 -0.00742409 0.999399 -259.143 
231 0.999312 5.32421e-05 -0.0370826 9.77991 0.000137963 0.999987 0.00515362 2.24891 0.0370824 -0.00515519 0.999299 -259.93 
232 0.999197 0.00319713 -0.0399288 10.5294 -0.0031173 0.999993 0.00206148 3.06749 0.0399351 -0.00193535 0.9992 -260.732 
233 0.999072 0.00543404 -0.0427349 11.2676 -0.00540884 0.999985 0.000705107 3.43503 0.0427381 -0.000473306 0.999086 -261.541 
234 0.998944 0.00539023 -0.0456213 12.0261 -0.00539196 0.999985 8.52171e-05 3.61254 0.0456211 0.000160861 0.998959 -262.347 
235 0.998826 0.00323482 -0.04833 12.7376 -0.00313643 0.999993 0.00211152 3.09488 0.0483365 -0.00195745 0.998829 -263.161 
236 0.998724 0.00259779 -0.0504278 13.2892 -0.00237646 0.999987 0.00444848 2.48949 0.0504387 -0.00432296 0.998718 -263.974 
237 0.998585 0.00242798 -0.0531263 14.0076 -0.00219359 0.999988 0.00446969 2.49598 0.0531365 -0.00434682 0.998578 -264.769 
239 0.998254 -0.000323026 -0.059072 15.6009 0.000360481 1 0.000623401 3.54978 0.0590718 -0.000643607 0.998254 -266.55 
241 0.997917 -0.000767178 -0.0645074 17.0482 0.000838233 0.999999 0.00107444 3.45843 0.0645066 -0.00112628 0.997917 -267.959 
243 0.997623 0.00400305 -0.0687956 18.2173 -0.0039365 0.999992 0.00110287 3.48137 0.0687994 -0.000829432 0.99763 -269.59 
245 0.997526 0.00596404 -0.0700389 18.5632 -0.00589117 0.999982 0.00124699 3.47291 0.070045 -0.0008313 0.997543 -271.282 
247 0.997508 0.00575746 -0.070321 18.6505 -0.00573329 0.999983 0.000545516 3.69398 0.070323 -0.000140986 0.997524 -273.006 
249 0.997631 0.00571586 -0.0685503 18.1764 -0.00567184 0.999984 0.000836799 3.64635 0.068554 -0.000446011 0.997647 -274.77 
250 0.997743 0.00543924 -0.0669305 17.7359 -0.00532704 0.999984 0.00185476 3.3796 0.0669395 -0.00149404 0.997756 -275.668 
251 0.997845 0.00453249 -0.0654545 17.3329 -0.00437536 0.999987 0.00254377 3.20251 0.0654652 -0.00225191 0.997852 -276.566 
252 0.997945 0.00351902 -0.0639777 16.929 -0.00335085 0.999991 0.00273564 3.16544 0.0639867 -0.00251564 0.997948 -277.45 
253 0.998065 0.00236822 -0.062138 16.4203 -0.00219276 0.999993 0.00289189 3.13703 0.0621444 -0.00275004 0.998063 -278.381 
254 0.998216 0.00201444 -0.0596644 15.7403 -0.00188335 0.999996 0.00225324 3.3352 0.0596687 -0.00213685 0.998216 -279.493 
256 0.998589 0.00358878 -0.05299 13.8846 -0.0036749 0.999992 -0.0015278 4.42958 0.0529841 0.00172038 0.998594 -281.165 
258 0.999048 0.00507323 -0.0433362 11.1833 -0.00527345 0.999976 -0.00450708 5.30728 0.0433123 0.00473132 0.99905 -282.972 
260 0.999409 0.0059766 -0.0338593 8.51098 -0.00617184 0.999965 -0.00566467 5.67079 0.0338243 0.0058703 0.999411 -284.704 
262 0.999655 0.00740716 -0.025217 6.05977 -0.0075504 0.999956 -0.00558953 5.68605 0.0251745 0.005778 0.999666 -286.349 
264 0.999821 0.00655724 -0.0177483 3.92148 -0.00665163 0.999964 -0.00526431 5.62317 0.0177132 0.00538142 0.999829 -287.984 
265 0.999879 0.0074224 -0.0136715 2.76063 -0.00749834 0.999957 -0.00551216 5.71423 0.01363 0.005614 0.999891 -288.658 
267 0.999965 0.00688318 -0.00472681 0.184407 -0.0068988 0.999971 -0.00329485 5.10546 0.004704 0.00332735 0.999983 -290.094 
269 0.999937 0.00467754 0.010218 -4.14821 -0.00468148 0.999989 0.00036183 4.06464 -0.0102162 -0.000409643 0.999948 -291.435 
271 0.999413 0.0045181 0.0339548 -11.0603 -0.00457643 0.999988 0.00164013 3.72363 -0.033947 -0.00179456 0.999422 -292.46 
273 0.99752 0.00102 0.0703714 -21.7129 -0.00105038 0.999999 0.00039474 4.11336 -0.0703709 -0.000467678 0.997521 -293.05 
275 0.99307 -0.00224304 0.117506 -35.5421 0.00212186 0.999997 0.0011564 3.90015 -0.117508 -0.00089905 0.993072 -292.763 
277 0.984353 -0.00432419 0.176152 -52.829 0.00439157 0.99999 7.30938e-06 4.27192 -0.176151 0.00076639 0.984363 -291.309 
279 0.969439 -0.00351817 0.245306 -73.2646 0.00441997 0.999985 -0.00312578 5.22405 -0.245291 0.0041145 0.969441 -287.888 
281 0.946942 -0.00477176 0.32137 -95.8243 0.0074178 0.999948 -0.00700973 6.40433 -0.32132 0.00902166 0.946928 -282.159 
283 0.915635 -0.00343181 0.401996 -119.796 0.00802696 0.99992 -0.00974694 7.23065 -0.401931 0.0121515 0.915589 -273.688 
285 0.87342 -2.23916e-05 0.486968 -145.197 0.00723641 0.99989 -0.0129332 8.21942 -0.486914 0.01482 0.873324 -262.131 
287 0.819405 0.00393591 0.573201 -171.06 0.00659691 0.999845 -0.0162959 9.24291 -0.573177 0.0171343 0.819253 -246.96 
289 0.75352 0.00575335 0.6574 -196.407 0.00723154 0.999829 -0.0170391 9.48819 -0.657385 0.0175933 0.753349 -228.187 
291 0.675862 0.0158684 0.736858 -220.327 0.00737575 0.999573 -0.0282912 12.8736 -0.736992 0.0245558 0.675456 -205.799 
293 0.57429 0.0198906 0.81841 -245.185 0.010125 0.999456 -0.0313956 13.8607 -0.818589 0.0263166 0.573776 -176.28 
295 0.468562 0.0115978 0.883354 -265.144 0.021373 0.999472 -0.0244593 11.8396 -0.883172 0.0303407 0.468067 -145.469 
297 0.356434 0.0162563 0.934179 -280.926 0.0282538 0.999204 -0.028168 12.9829 -0.933893 0.0364342 0.355691 -112.641 
299 0.239367 0.0170272 0.97078 -292.598 0.0349049 0.999049 -0.0261295 12.4667 -0.970302 0.0401395 0.238545 -78.2021 
301 0.112594 0.0201899 0.993436 -300.199 0.0431143 0.998753 -0.0251844 12.2655 -0.992705 0.0456669 0.111583 -40.8006 
303 -0.021152 0.0228547 0.999515 -302.957 0.0551249 0.998245 -0.0216591 11.3175 -0.998255 0.05464 -0.0223747 -1.27799 
305 -0.152195 0.0304144 0.987882 -300.66 0.0682541 0.997464 -0.0201941 11.0285 -0.985991 0.0643536 -0.153885 37.5879 
307 -0.287935 0.0392575 0.956845 -292.404 0.0785461 0.996761 -0.017259 10.2642 -0.954423 0.070187 -0.290086 78.2373 
309 -0.407711 0.0437339 0.912063 -280.687 0.0809235 0.996653 -0.0116156 8.64219 -0.909518 0.0690715 -0.409885 113.841 
311 -0.520264 0.0532011 0.852347 -263.302 0.0838989 0.996414 -0.0109823 8.46727 -0.849874 0.0657972 -0.522862 147.246 
313 -0.603362 0.0533369 0.795682 -247.983 0.0830343 0.996539 -0.00383648 6.3411 -0.793133 0.0637541 -0.605703 171.855 
315 -0.680021 0.0715404 0.729694 -228.407 0.0986045 0.995111 -0.00567006 7.11326 -0.726531 0.0680953 -0.683751 194.225 
316 -0.711988 0.0745287 0.698225 -219.579 0.101322 0.99485 -0.0028716 6.32979 -0.694843 0.0687008 -0.715873 203.77 
317 -0.745954 0.0765089 0.661588 -209.212 0.102584 0.994724 0.000631397 5.32059 -0.658049 0.0683394 -0.749867 213.635 
319 -0.806526 0.0775946 0.586084 -188.01 0.0961496 0.995367 0.000532626 5.26786 -0.583327 0.0567814 -0.81025 231.403 
321 -0.851077 0.0770621 0.519355 -168.636 0.0890843 0.996022 -0.00180615 5.83328 -0.517429 0.0447292 -0.854556 243.736 
322 -0.876861 0.0765081 0.474618 -156.681 0.0870213 0.996206 0.000184867 5.22793 -0.472803 0.041464 -0.880192 251.792 
324 -0.910274 0.074221 0.407299 -136.801 0.0834913 0.996496 0.00500635 3.74174 -0.4055 0.0385631 -0.913281 260.027 
325 -0.928471 0.0773832 0.363253 -124.637 0.085014 0.996367 0.00504037 3.77459 -0.361543 0.0355614 -0.931677 265.791 
326 -0.940646 0.0817348 0.329399 -114.699 0.0887487 0.996034 0.00628586 3.49087 -0.327579 0.0351465 -0.94417 268.426 
327 -0.952803 0.0826566 0.29212 -104.109 0.0894952 0.995936 0.0101007 2.40332 -0.290098 0.0357673 -0.956328 271.761 
328 -0.963755 0.0858438 0.2526 -92.8864 0.0918905 0.995694 0.0122163 1.84732 -0.250464 0.0349851 -0.967494 274.799 
329 -0.973938 0.0862516 0.209775 -80.9523 0.0911974 0.995734 0.0140004 1.33326 -0.207672 0.0327664 -0.97765 277.993 
330 -0.979926 0.0867279 0.17951 -72.13 0.0904513 0.995821 0.0126462 1.71036 -0.177663 0.0286292 -0.983675 278.776 
331 -0.985453 0.0859085 0.146636 -62.8304 0.0885218 0.996009 0.0113779 2.03806 -0.145073 0.0241928 -0.989125 279.96 
332 -0.990169 0.0862856 0.110092 -52.5345 0.0881722 0.996028 0.0123757 1.74816 -0.108587 0.021961 -0.993844 280.846 
333 -0.992778 0.0860088 0.0836279 -45.0302 0.0875563 0.996046 0.0150098 0.998399 -0.0820063 0.0222235 -0.996384 281.147 
334 -0.995004 0.0843306 0.0534434 -36.5307 0.0852371 0.996249 0.0149127 0.9874 -0.0519854 0.0193935 -0.99846 281.209 
335 -0.996136 0.0836276 0.0268329 -29.0467 0.084085 0.996324 0.0163942 0.553335 -0.0253633 0.0185871 -0.999505 280.872 
336 -0.996582 0.0826086 -0.000165469 -21.4811 0.0825919 0.996417 0.0182032 0.0221764 0.00166862 0.0181274 -0.999834 280.292 
337 -0.996446 0.0810137 -0.0230503 -15.0648 0.0805472 0.99654 0.0204956 -0.650963 0.024631 0.0185661 -0.999524 279.42 
338 -0.995942 0.0787068 -0.0436403 -9.31248 0.0778824 0.996756 0.0202843 -0.637347 0.0450953 0.0168032 -0.998841 278.412 
339 -0.995363 0.0743645 -0.0610055 -4.39606 0.0733951 0.997141 0.0179825 -0.0864464 0.0621683 0.0134216 -0.997975 276.689 
340 -0.994942 0.0692855 -0.0727258 -1.24178 0.0681636 0.997515 0.0177995 -0.135894 0.0737783 0.0127523 -0.997193 275.941 
341 -0.994631 0.0648067 -0.0806759 0.947067 0.0634398 0.997797 0.0193951 -0.66053 0.0817551 0.0141729 -0.996552 274.554 
342 -0.994443 0.0619438 -0.0851274 2.19492 0.0604145 0.997964 0.020428 -0.99411 0.0862195 0.0151715 -0.996161 273.334 
343 -0.994561 0.0598523 -0.0852383 2.20347 0.0584233 0.998108 0.0191644 -0.678135 0.0862241 0.0140803 -0.996176 271.841 
344 -0.994787 0.0577101 -0.0840789 1.89349 0.0564071 0.998249 0.0177937 -0.341097 0.0849586 0.0129583 -0.9963 270.555 
345 -0.995015 0.0575185 -0.0814618 1.23806 0.0562022 0.998251 0.018362 -0.484451 0.0823754 0.0136921 -0.996507 268.991 
347 -0.995609 0.0557252 -0.0752131 -0.470564 0.0543901 0.998326 0.0196864 -0.843918 0.0761842 0.0155091 -0.996973 266.357 
348 -0.996059 0.0541214 -0.0702702 -1.78515 0.0527452 0.998381 0.0212956 -1.2858 0.071309 0.0175053 -0.997301 264.962 
349 -0.996453 0.0541209 -0.0644455 -3.31665 0.0527198 0.998339 0.023247 -1.77876 0.0655966 0.019767 -0.99765 263.553 
350 -0.99687 0.052868 -0.0587813 -4.75587 0.0514966 0.99837 0.0246068 -2.13481 0.0599864 0.0215028 -0.997968 261.595 
351 -0.997133 0.0527259 -0.0542801 -5.97067 0.0514548 0.998373 0.0245545 -2.0994 0.0554865 0.0216912 -0.998224 260.687 
352 -0.997466 0.0512904 -0.0493017 -7.26343 0.0501743 0.998461 0.0236152 -1.85544 0.0504371 0.0210817 -0.998505 259.226 
353 -0.997802 0.0496685 -0.043856 -8.66592 0.0487057 0.998554 0.0227575 -1.64006 0.0449229 0.0205714 -0.998779 257.743 
354 -0.998075 0.0487365 -0.0383475 -10.0737 0.0479117 0.998606 0.0221416 -1.47433 0.0393731 0.0202616 -0.999019 256.263 
355 -0.998303 0.0479982 -0.0329712 -11.4144 0.0472042 0.998586 0.0244545 -2.05505 0.0340984 0.0228567 -0.999157 254.444 
357 -0.998485 0.0494534 -0.024126 -13.661 0.0487962 0.998441 0.0271085 -2.6477 0.025429 0.0258902 -0.999341 251.799 
358 -0.998512 0.0505441 -0.0204787 -14.562 0.0499948 0.998398 0.0264996 -2.44906 0.0217853 0.0254363 -0.999439 250.31 
359 -0.998566 0.0506055 -0.0174895 -15.2979 0.0501462 0.998409 0.0257728 -2.24158 0.0187659 0.0248588 -0.999515 248.818 
360 -0.998603 0.0506226 -0.0151522 -15.8692 0.0502798 0.998488 0.0222073 -1.32764 0.0162535 0.0214145 -0.999639 247.327 
361 -0.998664 0.0501501 -0.0124188 -16.5154 0.0498979 0.998557 0.0198533 -0.731719 0.0133965 0.0192072 -0.999726 245.523 
362 -0.998716 0.0495214 -0.0106462 -16.966 0.049278 0.998542 0.0220191 -1.25296 0.0117211 0.0214662 -0.999701 244.371 
363 -0.998681 0.0505911 -0.00876312 -17.4107 0.0503702 0.998447 0.0238172 -1.64745 0.00995444 0.0233444 -0.999678 242.882 
364 -0.998695 0.0504478 -0.00801741 -17.5822 0.0502417 0.998446 0.0241182 -1.69964 0.00922167 0.0236839 -0.999677 241.405 
365 -0.998632 0.0516697 -0.00805249 -17.5619 0.051459 0.998375 0.0244858 -1.73916 0.00930458 0.0240379 -0.999668 239.98 
366 -0.998608 0.052098 -0.00822611 -17.5091 0.0518838 0.998355 0.0243996 -1.68551 0.00948375 0.0239389 -0.999668 238.578 
367 -0.99853 0.0535637 -0.00828692 -17.4584 0.0533662 0.998323 0.0224535 -1.17087 0.00947571 0.0219783 -0.999714 236.899 
369 -0.998339 0.0566312 -0.0105955 -16.9051 0.0563863 0.998164 0.0221369 -0.990724 0.0118297 0.0215027 -0.999699 234.319 
370 -0.998317 0.0568119 -0.0116274 -16.6536 0.0565069 0.998088 0.0250604 -1.65052 0.0130289 0.0243612 -0.999618 232.869 
372 -0.998422 0.0544416 -0.0137852 -16.1452 0.0540592 0.99818 0.0267395 -2.04094 0.0152158 0.025952 -0.999547 230.006 
373 -0.99851 0.0526249 -0.0144407 -15.9881 0.0522356 0.998293 0.0261307 -1.91427 0.0157911 0.0253374 -0.999554 228.584 
374 -0.998595 0.0509432 -0.0145731 -15.9475 0.0505603 0.998394 0.0255361 -1.77781 0.0158506 0.0247634 -0.999568 226.925 
376 -0.99857 0.051257 -0.015191 -15.7955 0.0509113 0.998453 0.0223326 -1.01273 0.0163122 0.0215273 -0.999635 224.249 
377 -0.998502 0.0525153 -0.0153353 -15.7493 0.0521517 0.998369 0.0232183 -1.16247 0.0165296 0.0223838 -0.999613 222.778 
378 -0.998516 0.0522066 -0.0155038 -15.7061 0.0518257 0.998367 0.0240318 -1.32312 0.0167331 0.0231927 -0.999591 221.309 
379 -0.998521 0.0520932 -0.0155386 -15.6872 0.0516969 0.998352 0.0249037 -1.49436 0.0168103 0.0240636 -0.999569 219.853 
380 -0.998564 0.0512555 -0.015606 -15.6648 0.0508403 0.99837 0.0259322 -1.71005 0.0169097 0.0251016 -0.999542 218.387 
381 -0.998526 0.0520982 -0.0151973 -15.7403 0.051702 0.99834 0.0253938 -1.54996 0.0164951 0.0245706 -0.999562 216.904 
382 -0.998554 0.0514105 -0.0156894 -15.6281 0.0510192 0.9984 0.0243997 -1.32519 0.0169187 0.023564 -0.999579 215.415 
383 -0.99846 0.0532347 -0.0156231 -15.6298 0.0528341 0.99829 0.0250194 -1.39722 0.0169283 0.0241554 -0.999565 213.896 
384 -0.998435 0.0536455 -0.015795 -15.5894 0.0532127 0.998227 0.0266542 -1.71166 0.0171969 0.025772 -0.99952 212.344 
385 -0.998424 0.053878 -0.0157243 -15.6004 0.0534652 0.998242 0.0255875 -1.45131 0.0170753 0.0247064 -0.999549 210.803 
386 -0.998395 0.0542986 -0.0160862 -15.5166 0.0539178 0.998275 0.0232297 -0.92272 0.0173198 0.0223251 -0.999601 209.324 
387 -0.998397 0.0543449 -0.0158351 -15.5432 0.0539665 0.998268 0.0234168 -0.935379 0.0170803 0.0225247 -0.9996 207.867 
389 -0.998422 0.0537828 -0.0161719 -15.4815 0.0534219 0.99833 0.0219791 -0.606073 0.017327 0.0210805 -0.999628 204.866 
390 -0.998465 0.0529382 -0.016292 -15.4487 0.0525493 0.998343 0.0234417 -0.897627 0.017506 0.0225496 -0.999592 203.374 
391 -0.998519 0.052017 -0.0159435 -15.5103 0.0516039 0.998347 0.0253141 -1.26825 0.0172339 0.0244539 -0.999552 201.869 
392 -0.998561 0.0511684 -0.0160237 -15.4855 0.0507508 0.998387 0.0254644 -1.28917 0.0173008 0.0246145 -0.999547 200.37 
393 -0.99849 0.0525962 -0.0158777 -15.5042 0.0521938 0.99833 0.0247781 -1.10019 0.0171544 0.023912 -0.999567 198.877 
394 -0.998479 0.0528107 -0.0158036 -15.5112 0.0524125 0.998322 0.024633 -1.04373 0.017078 0.0237673 -0.999572 197.377 
395 -0.998457 0.0533653 -0.0153291 -15.5999 0.0529496 0.998249 0.0263532 -1.34597 0.0167087 0.0255009 -0.999535 195.847 
396 -0.998503 0.0528096 -0.0142224 -15.813 0.0523803 0.998205 0.0290377 -1.84603 0.0157303 0.0282492 -0.999477 194.341 
397 -0.998594 0.0512736 -0.0134395 -15.9286 0.0508702 0.99829 0.0288104 -1.79575 0.0148938 0.0280862 -0.999495 192.773 
399 -0.998716 0.0493655 -0.0113682 -16.3511 0.0490159 0.998371 0.0292158 -1.85202 0.0127919 0.0286211 -0.999508 189.824 
401 -0.998678 0.0504625 -0.00974411 -16.6419 0.0501803 0.998367 0.0273143 -1.4175 0.0111065 0.0267892 -0.999579 186.844 
402 -0.998658 0.050971 -0.00921817 -16.697 0.0507007 0.998335 0.0274988 -1.41601 0.0106045 0.0269945 -0.999579 185.351 
403 -0.998666 0.0508994 -0.00864291 -16.8269 0.0506439 0.998336 0.0275701 -1.39929 0.0100318 0.0270956 -0.999583 183.898 
404 -0.998684 0.0506869 -0.00787997 -16.9566 0.0504532 0.998349 0.0274617 -1.35707 0.00925891 0.027028 -0.999592 182.421 
405 -0.998699 0.0504665 -0.00728651 -17.0513 0.0502435 0.998342 0.02809 -1.44662 0.00869203 0.0276874 -0.999579 180.946 
406 -0.998711 0.0503359 -0.006555 -17.1689 0.0501179 0.998293 0.0300005 -1.76536 0.00805391 0.0296333 -0.999528 179.452 
407 -0.99872 0.0502894 -0.0053963 -17.369 0.0501038 0.998284 0.0302939 -1.78834 0.0069105 0.0299847 -0.999526 177.972 
408 -0.998733 0.0502026 -0.00345811 -17.7005 0.0500818 0.998325 0.028971 -1.52505 0.00490674 0.0287611 -0.999574 176.488 
409 -0.998758 0.0498027 -0.00143871 -18.0443 0.0497431 0.99837 0.0279761 -1.32791 0.00282965 0.0278698 -0.999608 174.993 
410 -0.998729 0.0503891 0.000586461 -18.3876 0.0503843 0.99829 0.0296498 -1.57781 0.000908566 0.0296416 -0.99956 173.503 
411 -0.998701 0.0508922 0.00266434 -18.729 0.0509506 0.998214 0.0311852 -1.79358 -0.00107249 0.0312805 -0.99951 171.912 
412 -0.998643 0.0518743 0.00467734 -19.0758 0.0519929 0.998184 0.0304145 -1.62021 -0.00309111 0.0306164 -0.999526 170.543 
413 -0.998637 0.0517908 0.00654155 -19.3861 0.0519671 0.998183 0.0305008 -1.60462 -0.00495001 0.0307991 -0.999513 169.075 
415 -0.998582 0.0521199 0.0108708 -20.0922 0.0524556 0.998068 0.0332987 -1.99843 -0.00911425 0.0338217 -0.999386 166.183 
