0 1 -1.87794e-05 1.85996e-05 -1.39617e-05 1.87798e-05 1 -2.12424e-05 0.000136746 -1.85992e-05 2.12427e-05 1 -0.000217425 
7 0.999947 0.00162174 0.0101795 -0.00935079 -0.00161622 0.999999 -0.000549764 0.155521 -0.0101804 0.000533283 0.999948 -10.6759 
9 0.999922 0.00046836 0.0124587 -0.0311361 -0.000462465 1 -0.000476101 0.194944 -0.012459 0.000470302 0.999922 -13.7316 
10 0.999913 -0.000984836 0.0131642 -0.026002 0.000998074 0.999999 -0.000999073 0.224919 -0.0131632 0.00101212 0.999913 -15.1537 
11 0.999904 -0.0025439 0.0136385 -0.0229674 0.00256776 0.999995 -0.00173267 0.256014 -0.013634 0.00176753 0.999905 -16.6791 
12 0.999894 -0.00309275 0.0142245 -0.0189127 0.00313066 0.999992 -0.00264387 0.294269 -0.0142162 0.00268812 0.999895 -18.13 
13 0.999887 -0.00290224 0.0147321 -0.0216434 0.00294041 0.999992 -0.00256999 0.317957 -0.0147246 0.00261302 0.999888 -19.5846 
14 0.999878 -0.00369497 0.0151915 -0.0238955 0.00373581 0.999989 -0.00266078 0.340904 -0.0151815 0.00271721 0.999881 -21.0435 
15 0.999875 -0.00429128 0.0152369 -0.0166587 0.00434147 0.999985 -0.00326234 0.377506 -0.0152227 0.00332808 0.999879 -22.4993 
16 0.999872 -0.00514053 0.0151336 -0.00426576 0.00520986 0.999976 -0.00454563 0.431559 -0.0151099 0.00462389 0.999875 -23.9501 
17 0.999868 -0.00551412 0.015252 7.65074e-05 0.00556307 0.99998 -0.00316867 0.42105 -0.0152342 0.0032531 0.999879 -25.395 
18 0.999869 -0.00585583 0.0150564 0.00907878 0.00587229 0.999982 -0.00104934 0.384071 -0.01505 0.00113762 0.999886 -26.8247 
19 0.999884 -0.00398093 0.0147108 0.0265074 0.00399448 0.999992 -0.000891694 0.401854 -0.0147072 0.000950353 0.999891 -28.2604 
20 0.999891 -0.00299842 0.0144826 0.0379684 0.003051 0.999989 -0.00360968 0.502124 -0.0144716 0.00365347 0.999889 -29.6792 
21 0.999895 -0.00126252 0.0144217 0.0453534 0.00133309 0.999987 -0.00488481 0.565102 -0.0144154 0.00490353 0.999884 -31.0874 
22 0.999897 -0.000390627 0.0143236 0.0490988 0.000450249 0.999991 -0.00415949 0.561347 -0.0143219 0.00416551 0.999889 -32.5189 
23 0.999907 -0.000584342 0.0136032 0.0835571 0.000616142 0.999997 -0.00233362 0.522784 -0.0136018 0.00234178 0.999905 -33.8927 
24 0.999912 -0.00146738 0.0131472 0.110082 0.00148766 0.999998 -0.00153258 0.516528 -0.0131449 0.001552 0.999912 -35.2643 
25 0.999923 -0.00212443 0.0122656 0.15105 0.00213168 0.999998 -0.000577559 0.505974 -0.0122643 0.000603661 0.999925 -36.6197 
26 0.999936 -0.00258825 0.0110001 0.20441 0.00260679 0.999995 -0.00167152 0.570848 -0.0109957 0.00170009 0.999938 -37.9573 
27 0.999951 -0.00296343 0.00947442 0.270934 0.00299929 0.999988 -0.00377256 0.677901 -0.00946313 0.00380079 0.999948 -39.2853 
28 0.999966 -0.0023454 0.0078765 0.338653 0.00238343 0.999986 -0.00482289 0.745164 -0.00786507 0.0048415 0.999957 -40.5871 
29 0.999981 -0.00281578 0.00540658 0.447103 0.00284493 0.999981 -0.00539225 0.793218 -0.0053913 0.00540753 0.999971 -41.8718 
30 0.999995 -0.00249505 0.00200808 0.596672 0.00250489 0.999985 -0.00491515 0.798024 -0.00199579 0.00492016 0.999986 -43.1277 
31 0.999997 -0.00180629 -0.00152706 0.754316 0.00180152 0.999994 -0.00312308 0.74329 0.00153269 0.00312032 0.999994 -44.37 
32 0.999986 -0.00173912 -0.0049374 0.9131 0.00173228 0.999998 -0.0013912 0.686809 0.0049398 0.00138263 0.999987 -45.5916 
33 0.999957 -0.00186787 -0.00911393 1.11214 0.00184846 0.999996 -0.00213822 0.743812 0.00911789 0.00212128 0.999956 -46.8087 
34 0.999894 -0.00216773 -0.0144017 1.3694 0.00213857 0.999996 -0.00204008 0.762068 0.014406 0.00200907 0.999894 -48.0024 
35 0.999771 -0.00379314 -0.0210781 1.69861 0.00376914 0.999992 -0.00117797 0.742038 0.0210824 0.00109826 0.999777 -49.1827 
36 0.999582 -0.00519685 -0.0284316 2.06871 0.00516317 0.999986 -0.00125795 0.766077 0.0284378 0.00111062 0.999595 -50.3516 
37 0.999299 -0.00631696 -0.036899 2.50948 0.00623332 0.999978 -0.00238148 0.845604 0.0369132 0.00214981 0.999316 -51.5033 
38 0.998877 -0.00854131 -0.0466118 3.0066 0.0084104 0.99996 -0.00300404 0.894846 0.0466356 0.00260864 0.998909 -52.6463 
40 0.997076 -0.0131728 -0.0752743 4.57178 0.0128862 0.999908 -0.00429082 1.01525 0.0753239 0.00330827 0.997154 -54.7998 
41 0.995691 -0.0156259 -0.0914112 5.46993 0.0151398 0.999867 -0.00600878 1.13208 0.0914929 0.00459894 0.995795 -55.8246 
42 0.993917 -0.0160793 -0.108953 6.46053 0.0154077 0.999857 -0.0070034 1.20741 0.10905 0.00528208 0.994022 -56.8354 
43 0.991632 -0.0154894 -0.128161 7.56673 0.0148017 0.99987 -0.006317 1.18779 0.128242 0.00436715 0.991733 -57.7982 
44 0.988814 -0.0145411 -0.148442 8.76168 0.0138637 0.999888 -0.00559701 1.16306 0.148507 0.00347644 0.988905 -58.7365 
45 0.985499 -0.0118441 -0.169264 10.0082 0.0111407 0.999925 -0.00510464 1.14966 0.169312 0.00314489 0.985557 -59.6145 
46 0.981593 -0.00726253 -0.190844 11.3167 0.00615235 0.999961 -0.0064091 1.24707 0.190883 0.00511699 0.981599 -60.4496 
47 0.97686 -0.00218685 -0.213868 12.7415 0.000726744 0.999976 -0.00690552 1.30156 0.213877 0.0065903 0.976838 -61.2084 
49 0.964814 0.00964839 -0.262757 15.8408 -0.0104496 0.999944 -0.00165186 1.01542 0.262727 0.00433944 0.964861 -62.5362 
50 0.957268 0.013224 -0.288899 17.5347 -0.0141075 0.9999 -0.000976374 0.991729 0.288858 0.00501031 0.957359 -63.0912 
51 0.9486 0.0152396 -0.316112 19.3347 -0.0168164 0.999856 -0.00226084 1.09932 0.316032 0.0074605 0.948719 -63.5628 
52 0.938775 0.0187687 -0.34402 21.2085 -0.0211915 0.99977 -0.00328357 1.19473 0.343879 0.0103728 0.938957 -63.954 
53 0.927805 0.0218384 -0.372425 23.1348 -0.0238912 0.999714 -0.000897479 1.05707 0.372299 0.00973037 0.928062 -64.2269 
54 0.91563 0.0230444 -0.401362 25.1494 -0.023587 0.999715 0.00359002 0.765428 0.40133 0.00617978 0.915913 -64.4661 
55 0.902664 0.0268348 -0.429508 27.1325 -0.0244616 0.99964 0.0110463 0.264493 0.42965 0.000535331 0.902996 -64.6187 
56 0.888198 0.0302553 -0.458464 29.2017 -0.0260206 0.99954 0.0155519 -0.0377736 0.458723 -0.0018837 0.888577 -64.6502 
58 0.854893 0.0260127 -0.518151 33.5959 -0.0259506 0.999636 0.00736902 0.580052 0.518154 0.00714662 0.855257 -64.4509 
59 0.835202 0.0243297 -0.549405 35.959 -0.0262968 0.999645 0.00429182 0.827044 0.549315 0.0108631 0.835545 -64.1201 
60 0.814026 0.0202093 -0.580477 38.3518 -0.0198511 0.999779 0.00696926 0.611927 0.580489 0.00584992 0.814247 -63.6606 
61 0.79192 0.0173591 -0.610378 40.6993 -0.0129622 0.999848 0.0116182 0.235866 0.610487 -0.00128886 0.792025 -63.1197 
62 0.76924 0.0166917 -0.638742 42.9701 -0.0107656 0.999855 0.0131633 0.112756 0.638869 -0.00324929 0.769308 -62.5244 
63 0.745914 0.0178694 -0.665802 45.157 -0.0132084 0.99984 0.0120368 0.227218 0.665911 -0.000184246 0.746031 -61.8855 
64 0.721475 0.0180995 -0.692204 47.3614 -0.0135212 0.999836 0.0120505 0.249275 0.692309 0.000665318 0.721601 -61.1482 
65 0.696056 0.0188676 -0.717739 49.5339 -0.0116963 0.99982 0.0149399 0.0260621 0.717892 -0.00200411 0.696152 -60.3191 
66 0.669851 0.0188755 -0.742256 51.6656 -0.00929501 0.999812 0.0170369 -0.150713 0.742438 -0.00451287 0.6699 -59.4189 
67 0.642752 0.0172031 -0.765881 53.7681 -0.00689233 0.999837 0.0166739 -0.134383 0.766043 -0.00543846 0.642766 -58.4433 
68 0.614624 0.0173592 -0.788629 55.8479 -0.00550448 0.999828 0.0177181 -0.218906 0.788801 -0.00654897 0.614613 -57.3781 
69 0.58584 0.0159687 -0.81027 57.8738 0.00111298 0.999789 0.0205084 -0.506409 0.810426 -0.0129165 0.585698 -56.2461 
70 0.555783 0.0150155 -0.831192 59.9031 0.0102502 0.999637 0.0249123 -0.959993 0.831264 -0.0223657 0.555427 -55.0098 
71 0.524983 0.0139459 -0.850998 61.8774 0.0186369 0.999438 0.0278756 -1.30464 0.850909 -0.0304942 0.524428 -53.7051 
72 0.493505 0.0113783 -0.869669 63.8219 0.0237691 0.999365 0.0265633 -1.26855 0.869418 -0.0337804 0.492921 -52.3645 
73 0.461115 0.00944903 -0.88729 65.6957 0.0230898 0.999477 0.0226432 -0.928005 0.88704 -0.0309285 0.460655 -50.9197 
74 0.427783 0.00491002 -0.903868 67.551 0.0217364 0.99964 0.0157177 -0.328271 0.90362 -0.0263706 0.427522 -49.4082 
75 0.393411 0.000919311 -0.919362 69.3716 0.0230008 0.999677 0.010842 0.0642993 0.919075 -0.0254114 0.393262 -47.793 
76 0.35827 -0.00612399 -0.933598 71.1376 0.0259847 0.999657 0.00341437 0.637307 0.933256 -0.0254825 0.358306 -46.1058 
77 0.322451 -0.0108855 -0.946524 72.8561 0.0280851 0.999604 -0.00192823 1.0473 0.946169 -0.0259614 0.322629 -44.3479 
78 0.286218 -0.0135704 -0.958068 74.4838 0.0273629 0.999608 -0.00598426 1.41052 0.957774 -0.0245027 0.286477 -42.5224 
79 0.249749 -0.0143259 -0.968205 76.0427 0.0268506 0.999609 -0.00786439 1.58868 0.967938 -0.0240328 0.250036 -40.6564 
80 0.214117 -0.013585 -0.976713 77.4809 0.0262616 0.999622 -0.00814652 1.63477 0.976455 -0.0239057 0.214393 -38.8325 
81 0.179031 -0.0111753 -0.98378 78.8454 0.0250917 0.999662 -0.00678947 1.54921 0.983523 -0.0234692 0.179251 -37.03 
82 0.144456 -0.00315886 -0.989506 80.0848 0.0240519 0.999711 0.000319843 0.987282 0.989219 -0.0238457 0.14449 -35.1961 
83 0.110676 -0.000946284 -0.993856 81.24 0.0276073 0.999617 0.00212258 0.761299 0.993473 -0.0276726 0.11066 -33.4407 
84 0.0782309 7.19156e-05 -0.996935 82.2913 0.0325104 0.999468 0.00262323 0.603339 0.996405 -0.032616 0.078187 -31.7718 
85 0.0489779 0.00681815 -0.998777 83.1912 0.036476 0.999297 0.00861041 -4.08983e-05 0.998134 -0.0368531 0.0486948 -30.3287 
86 0.0233704 0.00870063 -0.999689 83.9442 0.0346739 0.999353 0.0095083 -0.0232217 0.999125 -0.0348853 0.0230536 -29.1899 
87 0.00108933 0.0104504 -0.999945 84.5802 0.0317926 0.99944 0.0104798 -0.0182946 0.999494 -0.0318023 0.000756475 -28.3226 
88 -0.0179027 0.0109783 -0.999779 85.1152 0.0292092 0.999519 0.0104524 0.0690664 0.999413 -0.0290157 -0.0182148 -27.7385 
89 -0.0342814 0.0126227 -0.999333 85.5474 0.0324171 0.999408 0.0115117 -0.105087 0.998886 -0.0320008 -0.0346703 -27.3612 
90 -0.0491104 0.0155084 -0.998673 85.945 0.0367049 0.999232 0.0137121 -0.416721 0.998119 -0.0359828 -0.049642 -27.1037 
91 -0.0610545 0.020142 -0.997931 86.2659 0.0419324 0.998965 0.0175974 -0.90558 0.997253 -0.0407713 -0.0618359 -27.0753 
92 -0.0698128 0.0257074 -0.997229 86.5008 0.0454109 0.998713 0.0225666 -1.43448 0.996526 -0.0437097 -0.0708904 -27.2887 
93 -0.0749556 0.0294425 -0.996752 86.63 0.0508633 0.998376 0.0256655 -1.87373 0.995889 -0.0487743 -0.0763314 -27.8649 
94 -0.078578 0.0314999 -0.99641 86.7333 0.0555245 0.998087 0.0271741 -2.15619 0.99536 -0.0531899 -0.0801767 -28.5685 
95 -0.0814294 0.033571 -0.996114 86.8109 0.059648 0.997805 0.028752 -2.43009 0.994893 -0.057075 -0.0832531 -29.3372 
96 -0.0840992 0.0338815 -0.995881 86.936 0.062492 0.997634 0.0286638 -2.52537 0.994496 -0.059824 -0.0860175 -30.1309 
98 -0.0888751 0.0360454 -0.99539 87.0352 0.0696001 0.997127 0.0298939 -2.8833 0.993608 -0.0666224 -0.0911285 -31.7587 
100 -0.0927011 0.0388352 -0.994936 87.1576 0.0699214 0.997026 0.032402 -3.09846 0.993236 -0.0665637 -0.0951408 -33.483 
101 -0.0948113 0.0383727 -0.994755 87.2396 0.0694725 0.997076 0.0318407 -3.02092 0.993068 -0.0660893 -0.0971998 -34.3513 
102 -0.0970107 0.0381382 -0.994552 87.3172 0.0709054 0.996991 0.0313155 -3.03449 0.992754 -0.0674812 -0.0994231 -35.2162 
103 -0.0990336 0.0371078 -0.994392 87.3988 0.0731873 0.99687 0.0299114 -3.01602 0.992389 -0.0698146 -0.101439 -36.1276 
104 -0.101986 0.0355073 -0.994152 87.5048 0.0753187 0.99677 0.0278742 -2.93531 0.99193 -0.0720354 -0.104331 -36.9085 
105 -0.104508 0.0331639 -0.993971 87.6037 0.0788877 0.996571 0.0249563 -2.85389 0.99139 -0.0758039 -0.106766 -37.7627 
106 -0.106818 0.0298187 -0.993831 87.6963 0.0829444 0.996333 0.0209788 -2.7115 0.990813 -0.0801918 -0.1089 -38.6428 
107 -0.109109 0.0275417 -0.993648 87.7878 0.0853742 0.996182 0.0182373 -2.60025 0.990357 -0.082842 -0.111043 -39.5292 
108 -0.112148 0.0256746 -0.99336 87.9147 0.0837551 0.996353 0.0162962 -2.35357 0.990156 -0.0813713 -0.113889 -40.3586 
109 -0.11495 0.0225488 -0.993115 88.0322 0.079674 0.996731 0.0134089 -1.9016 0.990171 -0.0775841 -0.116371 -41.2312 
110 -0.11742 0.0227768 -0.992821 88.1408 0.0779834 0.996861 0.0136464 -1.82541 0.990016 -0.0758212 -0.118828 -42.0998 
111 -0.118934 0.0219645 -0.992659 88.2092 0.0785425 0.996831 0.0126463 -1.76438 0.989791 -0.0764619 -0.120282 -43.0784 
112 -0.12037 0.0235623 -0.992449 88.276 0.081303 0.996594 0.0137998 -2.00248 0.989394 -0.079028 -0.121875 -43.9796 
114 -0.12122 0.0228093 -0.992364 88.3639 0.0846071 0.996335 0.0125656 -2.07886 0.989013 -0.0824378 -0.122706 -46.1922 
115 -0.121438 0.0199242 -0.992399 88.3501 0.083627 0.996449 0.00977226 -1.78746 0.98907 -0.0818047 -0.122673 -47.2539 
116 -0.121006 0.0160607 -0.992522 88.3497 0.082693 0.996557 0.00604423 -1.42028 0.989201 -0.0813432 -0.121917 -48.4438 
117 -0.120978 0.012197 -0.99258 88.3379 0.0839795 0.996465 0.00200912 -1.16291 0.989096 -0.0831134 -0.121574 -49.5653 
118 -0.121692 0.00800358 -0.992536 88.3605 0.084261 0.996441 -0.00229592 -0.823925 0.988985 -0.0839114 -0.121933 -50.6357 
119 -0.121988 0.0047885 -0.99252 88.3672 0.0837854 0.996469 -0.00549027 -0.530355 0.988989 -0.0838285 -0.121958 -51.7516 
120 -0.122627 0.00490932 -0.992441 88.41 0.078433 0.996908 -0.00475981 -0.244967 0.989349 -0.0784238 -0.122633 -52.7753 
121 -0.122703 0.00804587 -0.992411 88.4175 0.0697878 0.997562 -0.000541013 -0.0241795 0.989987 -0.0693246 -0.122965 -53.9371 
122 -0.122268 0.0134976 -0.992405 88.4118 0.0644962 0.997902 0.00562617 -0.168845 0.990399 -0.0633185 -0.122882 -55.0651 
123 -0.121899 0.0217969 -0.992303 88.4282 0.0669278 0.997664 0.013693 -0.979522 0.990283 -0.0647435 -0.123073 -56.1351 
124 -0.121168 0.027349 -0.992255 88.381 0.0725584 0.99719 0.0186246 -1.75329 0.989977 -0.0697397 -0.122812 -57.2856 
125 -0.120082 0.0309103 -0.992283 88.3304 0.0782731 0.996698 0.0215756 -2.3771 0.989674 -0.0750782 -0.122105 -58.4563 
126 -0.119168 0.0316723 -0.992369 88.2844 0.0827174 0.996333 0.0218657 -2.70626 0.989422 -0.0794805 -0.121351 -59.6436 
127 -0.119354 0.0286478 -0.992438 88.2964 0.0798409 0.996623 0.0191667 -2.2858 0.989636 -0.0769495 -0.121238 -60.7919 
128 -0.118978 0.0279076 -0.992505 88.2759 0.075232 0.996985 0.019015 -1.93321 0.990043 -0.0724058 -0.120719 -61.989 
129 -0.118831 0.0253039 -0.992592 88.266 0.0730902 0.997186 0.0166708 -1.58166 0.990221 -0.0705677 -0.120346 -63.166 
130 -0.118786 0.0235821 -0.99264 88.2651 0.073802 0.997162 0.014858 -1.48445 0.990173 -0.0714939 -0.120189 -64.3198 
131 -0.118404 0.0244939 -0.992663 88.2627 0.079063 0.996754 0.0151642 -1.89936 0.989813 -0.0766874 -0.119957 -65.5228 
133 -0.117202 0.0245148 -0.992805 88.171 0.0805649 0.996635 0.0150985 -2.00039 0.989835 -0.0782157 -0.118783 -67.9117 
134 -0.116574 0.025905 -0.992844 88.1328 0.0737367 0.997127 0.017359 -1.63166 0.990441 -0.0711854 -0.118149 -69.1418 
135 -0.116978 0.0250842 -0.992818 88.1809 0.0722779 0.997245 0.01668 -1.45611 0.990501 -0.0698076 -0.118469 -70.3096 
136 -0.116542 0.0226372 -0.992928 88.1287 0.0753638 0.997059 0.0138858 -1.47885 0.990322 -0.0732125 -0.117906 -71.5175 
137 -0.116394 0.0220456 -0.992958 88.1252 0.0785787 0.996824 0.0129205 -1.66528 0.99009 -0.0765215 -0.117756 -72.7029 
138 -0.116325 0.0212148 -0.992985 88.1224 0.0780811 0.996873 0.0121509 -1.55904 0.990137 -0.0761198 -0.117618 -73.9028 
139 -0.116048 0.0209176 -0.993023 88.1116 0.0744924 0.997146 0.012299 -1.25904 0.990446 -0.0725454 -0.117275 -75.1234 
140 -0.115428 0.0215886 -0.993081 88.0826 0.0732811 0.997224 0.013161 -1.21504 0.990609 -0.0712549 -0.11669 -76.3906 
141 -0.11432 0.023231 -0.993172 88.0015 0.0737168 0.997169 0.0148393 -1.37834 0.990705 -0.0715171 -0.115709 -77.6366 
142 -0.113333 0.0256668 -0.993226 87.9385 0.0740117 0.997107 0.0173219 -1.59196 0.990797 -0.0715472 -0.114905 -78.9025 
143 -0.112615 0.0253227 -0.993316 87.8907 0.0733557 0.997159 0.0171041 -1.50818 0.990927 -0.0709392 -0.114153 -80.1689 
144 -0.111286 0.0265222 -0.993434 87.7944 0.0740935 0.997083 0.0183196 -1.66369 0.991022 -0.0715683 -0.112927 -81.4723 
145 -0.110215 0.0266693 -0.99355 87.7156 0.0721874 0.997215 0.0187599 -1.5156 0.991283 -0.0696542 -0.111833 -82.773 
146 -0.109089 0.0254028 -0.993707 87.6269 0.0714353 0.997289 0.0176522 -1.35295 0.991462 -0.0690601 -0.110608 -84.0952 
147 -0.107472 0.0263033 -0.99386 87.5097 0.070826 0.997313 0.0187358 -1.37641 0.991682 -0.0683776 -0.109046 -85.5012 
148 -0.105936 0.0245578 -0.99407 87.3629 0.07159 0.997289 0.0170081 -1.30661 0.991793 -0.0693637 -0.107407 -86.8162 
149 -0.104382 0.0251478 -0.994219 87.2348 0.0742039 0.997091 0.0174298 -1.58629 0.991765 -0.0719556 -0.105944 -88.1816 
150 -0.103444 0.0228975 -0.994372 87.1638 0.0732434 0.997196 0.0153431 -1.3257 0.991935 -0.071244 -0.104831 -89.5691 
151 -0.103107 0.0194371 -0.99448 87.1098 0.0716395 0.997358 0.0120658 -0.902475 0.992087 -0.07 -0.104227 -90.8167 
152 -0.103201 0.0166745 -0.994521 87.1152 0.0727525 0.997308 0.00917177 -0.785473 0.991996 -0.0714074 -0.104136 -92.067 
153 -0.103696 0.0140125 -0.99451 87.1558 0.0720288 0.997381 0.00654263 -0.502923 0.991998 -0.0709549 -0.104433 -93.2911 
154 -0.104417 0.0112634 -0.99447 87.2242 0.0695674 0.997569 0.00399413 -0.0463352 0.992098 -0.0687656 -0.104947 -94.484 
155 -0.106002 0.00912624 -0.994324 87.3702 0.0679941 0.997684 0.00190844 0.287782 0.992039 -0.0674058 -0.106377 -95.6801 
156 -0.107652 0.0072874 -0.994162 87.5319 0.0673068 0.997732 2.53229e-05 0.512919 0.991908 -0.0669111 -0.107898 -96.8081 
157 -0.109361 0.00731799 -0.993975 87.7059 0.0676003 0.997712 -9.21605e-05 0.498565 0.991701 -0.0672031 -0.109606 -97.9226 
158 -0.111359 0.00686246 -0.993757 87.9101 0.0662178 0.997805 -0.000529864 0.689105 0.991572 -0.0658634 -0.111569 -98.9786 
159 -0.114692 0.0040744 -0.993393 88.2246 0.0616258 0.998095 -0.00302131 1.3908 0.991488 -0.0615652 -0.114725 -99.9704 
160 -0.118837 0.00356133 -0.992907 88.6441 0.0614492 0.998103 -0.00377461 1.48191 0.991011 -0.0614619 -0.11883 -100.852 
161 -0.124317 -0.00160992 -0.992241 89.1652 0.0671612 0.997692 -0.0100333 1.32872 0.989967 -0.0678874 -0.123921 -101.585 
162 -0.131345 -0.000763568 -0.991336 89.9111 0.0703124 0.997474 -0.0100842 0.98526 0.98884 -0.0710278 -0.13096 -102.246 
163 -0.140454 0.00118989 -0.990087 90.8679 0.0662095 0.997772 -0.00819335 1.32147 0.987871 -0.0667039 -0.140219 -102.649 
164 -0.151674 0.00309092 -0.988426 92.046 0.0637102 0.997946 -0.00665563 1.5113 0.986375 -0.0639823 -0.151559 -102.838 
165 -0.164401 0.00349473 -0.986387 93.3512 0.0648768 0.997867 -0.00727762 1.42897 0.984258 -0.0651902 -0.164277 -102.824 
166 -0.178756 0.00530573 -0.983879 94.8742 0.0649691 0.997867 -0.00642274 1.36607 0.981746 -0.0650699 -0.178719 -102.701 
167 -0.193057 0.00598358 -0.981169 96.3639 0.0627854 0.998007 -0.00626751 1.62633 0.979177 -0.0628131 -0.193048 -102.504 
168 -0.208238 0.0102007 -0.978025 97.9724 0.0654979 0.997846 -0.0035382 1.10909 0.975883 -0.0647953 -0.208458 -102.185 
169 -0.223381 0.0105748 -0.974674 99.5495 0.0687253 0.997623 -0.00492709 0.832449 0.972305 -0.0680854 -0.223577 -101.869 
170 -0.238499 0.0106155 -0.971085 101.118 0.0725644 0.99734 -0.00691933 0.520504 0.968428 -0.0721164 -0.238635 -101.512 
171 -0.254462 0.00715281 -0.967056 102.76 0.0704356 0.997454 -0.0111561 1.10575 0.964514 -0.070954 -0.254318 -101.078 
172 -0.270507 0.00155308 -0.962717 104.392 0.0647 0.997767 -0.0165699 2.23078 0.960542 -0.0667701 -0.270003 -100.608 
173 -0.286247 -0.00249562 -0.958153 105.997 0.0606299 0.997945 -0.0207124 3.05883 0.956236 -0.0640216 -0.285507 -100.139 
174 -0.30173 -0.00415803 -0.953384 107.602 0.0620628 0.997784 -0.0239935 3.12524 0.951371 -0.0664093 -0.300803 -99.6165 
175 -0.316137 -0.0043962 -0.948703 109.1 0.0639364 0.997617 -0.0259284 3.03376 0.946557 -0.0688536 -0.315102 -99.1817 
176 -0.329874 -0.0027718 -0.944021 110.544 0.0661522 0.99747 -0.0260446 2.7664 0.941705 -0.0710404 -0.328855 -98.778 
177 -0.343665 -0.000817858 -0.939092 111.994 0.0659827 0.997507 -0.0250154 2.72527 0.936771 -0.0705607 -0.342755 -98.3002 
178 -0.357803 -0.00116909 -0.933796 113.465 0.0638399 0.997629 -0.0257105 3.07059 0.931612 -0.0688128 -0.35688 -97.8255 
179 -0.372114 -0.00151584 -0.928186 114.952 0.0623738 0.997697 -0.0266353 3.34438 0.926089 -0.0678058 -0.371162 -97.2628 
180 -0.386742 -0.00286744 -0.922184 116.468 0.0637498 0.99752 -0.0298369 3.39639 0.919982 -0.0703282 -0.3856 -96.6437 
181 -0.401711 -0.00197008 -0.915764 118.036 0.0659614 0.997338 -0.0310803 3.1916 0.913388 -0.0728904 -0.400512 -95.8557 
182 -0.416276 -0.000703652 -0.909238 119.569 0.0675567 0.997212 -0.0317012 3.02763 0.906725 -0.0746216 -0.415068 -95.2114 
183 -0.430564 0.00192342 -0.902558 121.076 0.0700343 0.997054 -0.0312849 2.66894 0.899839 -0.0766802 -0.42943 -94.4836 
184 -0.445463 0.0016169 -0.895299 122.624 0.0734476 0.996694 -0.0347444 2.44047 0.892283 -0.0812349 -0.444109 -93.6708 
185 -0.460451 0.00279489 -0.887681 124.193 0.0758432 0.996462 -0.0362034 2.20937 0.884439 -0.0839944 -0.459034 -92.7911 
186 -0.475989 0.00142479 -0.87945 125.794 0.0731374 0.996599 -0.03797 2.71188 0.876405 -0.0823939 -0.474475 -91.8141 
187 -0.492094 -0.00142568 -0.870541 127.437 0.0685169 0.996833 -0.0403634 3.53368 0.867841 -0.0795094 -0.490438 -90.7233 
188 -0.507694 -0.0017996 -0.861536 129.035 0.0687216 0.996727 -0.0425789 3.65601 0.858792 -0.0808231 -0.505908 -89.6492 
189 -0.523844 -0.00338084 -0.851808 130.697 0.0676516 0.996668 -0.0455601 4.0082 0.849124 -0.0814925 -0.52187 -88.4344 
190 -0.539727 -0.00402657 -0.84183 132.325 0.0664871 0.996661 -0.0473944 4.30099 0.83921 -0.0815509 -0.537658 -87.2061 
191 -0.555726 -0.00507394 -0.83135 133.951 0.0660839 0.996548 -0.0502568 4.54811 0.828735 -0.0828679 -0.553473 -85.9067 
192 -0.570754 -0.00579326 -0.821101 135.493 0.0651193 0.996506 -0.0522958 4.82658 0.818535 -0.0833175 -0.568382 -84.715 
193 -0.58591 -0.00619493 -0.810352 137.036 0.0624261 0.996654 -0.0527551 5.25919 0.807968 -0.0814969 -0.583563 -83.4176 
194 -0.601026 -0.00622929 -0.799205 138.574 0.058843 0.996911 -0.052022 5.7544 0.79706 -0.0782942 -0.598803 -82.0643 
195 -0.615849 -0.00515948 -0.787847 140.106 0.0573521 0.997032 -0.0513608 5.94515 0.785774 -0.0768152 -0.613726 -80.7397 
196 -0.63071 -0.0062576 -0.775994 141.582 0.0553666 0.997056 -0.053041 6.35304 0.774041 -0.0764176 -0.628507 -79.2912 
197 -0.645426 -0.00772576 -0.763784 143.054 0.0563305 0.996744 -0.0576835 6.4911 0.761743 -0.0802548 -0.642889 -77.8774 
198 -0.660749 -0.0098532 -0.750543 144.578 0.0557128 0.996512 -0.0621297 6.84895 0.748537 -0.082867 -0.657895 -76.2742 
199 -0.676337 -0.0111302 -0.736508 146.117 0.0528824 0.996572 -0.0636224 7.37249 0.734691 -0.0819786 -0.67343 -74.4851 
200 -0.692346 -0.0149282 -0.721412 147.685 0.0450399 0.996942 -0.063855 8.60677 0.720159 -0.0767021 -0.689556 -72.6328 
201 -0.70919 -0.016217 -0.704831 149.343 0.0422686 0.996959 -0.0654684 9.13911 0.703749 -0.0762217 -0.706348 -70.407 
202 -0.726635 -0.0180282 -0.686787 151.036 0.0394278 0.996914 -0.0678844 9.72008 0.685892 -0.0764057 -0.723682 -67.9357 
203 -0.744421 -0.0214788 -0.667366 152.722 0.0354956 0.996796 -0.0716753 10.5499 0.666767 -0.0770451 -0.741273 -65.305 
204 -0.761127 -0.0209511 -0.648264 154.327 0.033653 0.996856 -0.0717291 10.8491 0.647729 -0.076411 -0.758029 -62.614 
205 -0.776945 -0.019046 -0.62928 155.87 0.0355145 0.996625 -0.0740125 10.6844 0.628566 -0.0798522 -0.773646 -60.1321 
206 -0.791906 -0.0158596 -0.610437 157.302 0.0349826 0.996843 -0.0712808 10.6344 0.60964 -0.0778024 -0.788851 -57.5812 
207 -0.806631 -0.0119133 -0.590935 158.664 0.0360442 0.996945 -0.0692991 10.3798 0.589955 -0.0771986 -0.803737 -54.9263 
208 -0.821058 -0.0101653 -0.570755 160.035 0.0373427 0.996743 -0.0714716 10.2865 0.569623 -0.0799959 -0.818004 -52.3265 
209 -0.834675 -0.00910052 -0.550668 161.259 0.0389259 0.996388 -0.0754684 10.2295 0.549366 -0.0844268 -0.831306 -49.7598 
210 -0.847682 -0.00650151 -0.530465 162.431 0.0392686 0.996413 -0.0749636 10.1559 0.529049 -0.0843759 -0.844386 -47.135 
211 -0.859517 -0.00520446 -0.51108 163.466 0.0373271 0.996639 -0.0729245 10.3906 0.509742 -0.081757 -0.856434 -44.7046 
212 -0.869857 -0.00231069 -0.493298 164.377 0.0390796 0.996523 -0.073579 10.1475 0.491753 -0.0832811 -0.866743 -42.6214 
213 -0.879522 0.00053868 -0.475858 165.231 0.0417897 0.996223 -0.0761116 9.81864 0.47402 -0.0868277 -0.876223 -40.6562 
214 -0.888181 -0.0010568 -0.459493 165.928 0.03969 0.996083 -0.07901 10.2976 0.457777 -0.0884124 -0.88466 -38.9248 
215 -0.896601 -0.00223423 -0.442834 166.574 0.0367863 0.996155 -0.0795068 10.807 0.441309 -0.0875761 -0.893072 -37.0999 
217 -0.91029 -0.00389042 -0.413952 167.695 0.0325226 0.996193 -0.0808804 11.6001 0.412691 -0.0870874 -0.906699 -34.4342 
218 -0.916401 -0.00500464 -0.40023 168.174 0.0300274 0.996245 -0.0812107 12.0398 0.399134 -0.0864394 -0.912809 -33.2278 
219 -0.92193 -0.00768039 -0.38728 168.575 0.0249637 0.996547 -0.0791899 12.8257 0.386551 -0.0826754 -0.918555 -32.1581 
220 -0.927598 -0.00872516 -0.373478 168.993 0.0215238 0.996818 -0.0767455 13.3264 0.37296 -0.0792277 -0.924459 -30.8678 
221 -0.931585 -0.00626878 -0.36347 169.37 0.0218294 0.997082 -0.073146 13.1661 0.362868 -0.0760761 -0.92873 -30.3231 
222 -0.934885 -0.00158225 -0.354947 169.701 0.0261236 0.996971 -0.0732506 12.4543 0.353988 -0.0777534 -0.932012 -30.0269 
223 -0.937132 0.00390234 -0.348952 169.945 0.0313014 0.996847 -0.0729142 11.5741 0.347567 -0.0792529 -0.9343 -30.1907 
224 -0.93878 0.00700321 -0.344447 170.131 0.0346267 0.996649 -0.0741105 11.055 0.342773 -0.0815005 -0.935876 -30.6728 
225 -0.940637 0.00467329 -0.339382 170.267 0.0317173 0.99674 -0.0741831 11.561 0.337929 -0.0805436 -0.937719 -31.0892 
226 -0.942471 -0.00144492 -0.334285 170.352 0.0243175 0.997045 -0.0728697 12.801 0.333402 -0.0768066 -0.939651 -31.519 
227 -0.944371 -0.00680831 -0.328811 170.457 0.0182277 0.997165 -0.0729985 13.8586 0.328376 -0.0749311 -0.94157 -31.8895 
228 -0.946081 -0.0136075 -0.323644 170.513 0.0117373 0.997021 -0.0762302 15.0626 0.323718 -0.0759187 -0.943103 -32.4332 
229 -0.947286 -0.0169074 -0.319943 170.595 0.00928658 0.996738 -0.0801683 15.5901 0.320255 -0.0789135 -0.944039 -33.1073 
230 -0.948023 -0.0170756 -0.317743 170.673 0.00964719 0.996558 -0.0823387 15.59 0.318056 -0.0811243 -0.944595 -34.0531 
231 -0.948263 -0.0167678 -0.317044 170.705 0.0104986 0.996402 -0.0840985 15.4888 0.317313 -0.083076 -0.944675 -35.2604 
232 -0.948069 -0.0144636 -0.317735 170.719 0.0131946 0.996317 -0.0847239 15.0439 0.31779 -0.0845166 -0.944387 -36.7187 
233 -0.947802 -0.0139805 -0.318553 170.708 0.0141843 0.996201 -0.0859237 14.9053 0.318544 -0.0859571 -0.944003 -38.1509 
234 -0.947395 -0.0135615 -0.319779 170.672 0.015231 0.99606 -0.0873663 14.7595 0.319704 -0.087641 -0.943456 -39.703 
235 -0.946547 -0.01206 -0.322339 170.65 0.0166813 0.996134 -0.0862538 14.4996 0.322133 -0.0870203 -0.942686 -41.663 
236 -0.945791 -0.0130228 -0.324514 170.484 0.0161009 0.996087 -0.0868991 14.6226 0.324376 -0.0874134 -0.941881 -43.1498 
237 -0.94448 -0.0145161 -0.328249 170.299 0.0150174 0.996072 -0.087259 14.8279 0.328227 -0.0873438 -0.940552 -45.1418 
238 -0.942889 -0.0156407 -0.332739 170.08 0.0135886 0.99626 -0.0853363 15.0657 0.332829 -0.0849842 -0.93915 -47.2382 
239 -0.940936 -0.0165805 -0.338179 169.818 0.0120833 0.99652 -0.0824784 15.3073 0.338369 -0.0816932 -0.937461 -49.6076 
240 -0.938373 -0.0190872 -0.345096 169.397 0.00935098 0.996706 -0.0805545 15.7885 0.345497 -0.0788172 -0.935104 -52.0492 
241 -0.935781 -0.017069 -0.352169 169.056 0.0117929 0.996753 -0.0796467 15.3603 0.352386 -0.078685 -0.932541 -54.618 
242 -0.9326 -0.017423 -0.36049 168.678 0.0121446 0.996753 -0.0795932 15.313 0.360706 -0.0786067 -0.929361 -57.5903 
243 -0.928874 -0.0164005 -0.370032 168.009 0.0148432 0.996569 -0.0814301 14.8527 0.370097 -0.0811308 -0.925444 -60.4761 
244 -0.924892 -0.0151232 -0.379928 167.402 0.0164105 0.99669 -0.0796231 14.5742 0.379874 -0.0798776 -0.921583 -63.5137 
245 -0.919822 -0.0143901 -0.392071 166.586 0.018582 0.996608 -0.0801729 14.2013 0.391895 -0.0810303 -0.916435 -67.0185 
246 -0.914316 -0.0134901 -0.404778 165.777 0.0209703 0.996528 -0.0805794 13.7871 0.404459 -0.0821633 -0.910858 -70.8106 
247 -0.908227 -0.0118325 -0.418312 164.681 0.0236426 0.996553 -0.079521 13.3123 0.41781 -0.0821131 -0.904816 -74.4361 
248 -0.901839 -0.0124849 -0.431891 163.562 0.0229459 0.996788 -0.0767285 13.4512 0.431462 -0.0791069 -0.898656 -78.2127 
249 -0.8955 -0.0109274 -0.444928 162.536 0.0257739 0.996748 -0.0763547 12.9555 0.444315 -0.0798432 -0.892305 -81.7053 
250 -0.888535 -0.00992529 -0.458702 161.239 0.0273575 0.996841 -0.0745625 12.6751 0.457993 -0.0788003 -0.885456 -85.6848 
251 -0.881499 -0.00803835 -0.472118 159.991 0.0290303 0.997041 -0.0711787 12.3956 0.471293 -0.0764497 -0.878657 -89.4352 
252 -0.873877 -0.00475738 -0.486123 158.635 0.0314021 0.997311 -0.0662099 11.9975 0.485131 -0.0731246 -0.871378 -93.2084 
253 -0.866033 -0.00190677 -0.499983 157.249 0.0341846 0.997427 -0.0630159 11.5239 0.498817 -0.0716656 -0.86374 -96.7351 
254 -0.856641 0.00179538 -0.51591 155.483 0.0375883 0.997554 -0.0589417 10.9296 0.514542 -0.0698841 -0.854612 -100.999 
255 -0.846294 0.00495849 -0.532692 153.532 0.0408582 0.997615 -0.0556258 10.3608 0.531146 -0.0688407 -0.844479 -105.26 
256 -0.835561 0.00801232 -0.549339 151.504 0.0436983 0.997695 -0.0519147 9.87632 0.547656 -0.067383 -0.833986 -109.336 
257 -0.824108 0.00938225 -0.566354 149.246 0.0457425 0.9977 -0.0500324 9.52419 0.564582 -0.0671386 -0.822642 -113.851 
258 -0.812357 0.0115419 -0.583046 146.955 0.0482521 0.997706 -0.0474791 9.092 0.581161 -0.0667031 -0.811051 -118.064 
259 -0.80004 0.0113762 -0.599839 144.489 0.048697 0.997753 -0.0460272 9.04938 0.597967 -0.0660339 -0.798796 -122.281 
260 -0.786843 0.0129775 -0.617017 141.848 0.0495878 0.997876 -0.0422482 8.94245 0.615158 -0.0638392 -0.785815 -126.627 
261 -0.771462 0.0150003 -0.636098 138.74 0.0510258 0.997961 -0.0383506 8.73897 0.634226 -0.0620435 -0.770655 -131.3 
262 -0.754565 0.0165337 -0.656017 135.185 0.0536392 0.997891 -0.036547 8.26639 0.654029 -0.0627654 -0.753861 -135.711 
263 -0.737133 0.0172627 -0.675527 131.722 0.0563475 0.997762 -0.0359891 7.78332 0.673394 -0.064593 -0.736457 -140.883 
264 -0.719372 0.0170148 -0.694416 128.036 0.0572364 0.997752 -0.0348461 7.64548 0.692263 -0.0648132 -0.718729 -145.483 
265 -0.700284 0.0165389 -0.713673 124.014 0.057554 0.997785 -0.0333513 7.61643 0.711541 -0.0644301 -0.699685 -149.852 
266 -0.680319 0.0153009 -0.732756 119.851 0.0570723 0.997852 -0.0321517 7.75312 0.73069 -0.0636935 -0.679731 -154.653 
267 -0.659904 0.0136029 -0.751227 115.526 0.057583 0.997811 -0.032515 7.65971 0.74914 -0.0647147 -0.659243 -159.089 
268 -0.638703 0.010531 -0.769381 110.949 0.0565468 0.997845 -0.0332842 7.85667 0.767373 -0.0647648 -0.637922 -163.164 
269 -0.617123 0.0103295 -0.786799 106.441 0.0569726 0.997876 -0.0315857 7.8271 0.784801 -0.0643183 -0.616401 -167.71 
270 -0.594578 0.010592 -0.803968 101.66 0.0567972 0.997969 -0.0288567 7.93408 0.802029 -0.0628207 -0.593972 -171.815 
271 -0.570666 0.00980446 -0.821124 96.5044 0.0573082 0.997966 -0.0279121 7.85069 0.81918 -0.0629857 -0.570067 -175.528 
272 -0.544644 0.0124492 -0.838575 91.0732 0.0606037 0.99786 -0.0245475 7.28801 0.836475 -0.0641904 -0.544233 -180.04 
273 -0.51775 0.0123267 -0.855443 85.3233 0.0612393 0.997865 -0.0226856 7.21068 0.853337 -0.0641322 -0.517399 -184.008 
274 -0.4909 0.0103391 -0.871155 79.5418 0.0598155 0.99797 -0.0218621 7.52962 0.86916 -0.0628407 -0.490522 -187.772 
275 -0.462828 0.00946462 -0.886398 73.5084 0.0580456 0.998121 -0.0196507 7.9503 0.884546 -0.0605464 -0.462507 -191.385 
276 -0.432777 0.00954769 -0.901451 67.0586 0.0589478 0.998104 -0.0177288 7.82199 0.899572 -0.0608112 -0.432519 -194.93 
277 -0.401709 0.00986412 -0.915714 60.3727 0.0617204 0.99796 -0.0163257 7.2881 0.913685 -0.0630765 -0.401498 -198.079 
279 -0.337902 0.013806 -0.94108 46.7072 0.0634928 0.997949 -0.0081573 7.15744 0.939037 -0.0625082 -0.338085 -204.373 
280 -0.305375 0.0132794 -0.952139 39.6837 0.0638628 0.997937 -0.00656435 7.11497 0.950088 -0.0628109 -0.305594 -206.697 
281 -0.270951 0.01641 -0.962453 32.298 0.0624164 0.99805 -0.000554619 7.60126 0.960567 -0.0602232 -0.271447 -209.47 
282 -0.236343 0.015882 -0.97154 24.7979 0.0601804 0.998186 0.00167774 8.13983 0.969804 -0.0580711 -0.23687 -211.645 
283 -0.200929 0.0165825 -0.979465 17.1403 0.0588872 0.998253 0.00482035 8.50714 0.977834 -0.0567094 -0.201555 -213.568 
284 -0.166592 0.0166697 -0.985885 9.69893 0.0585102 0.998262 0.00699211 8.65553 0.984288 -0.0565195 -0.167278 -215.218 
285 -0.130599 0.017553 -0.99128 1.90142 0.0580479 0.998263 0.010029 8.84819 0.989734 -0.056232 -0.131391 -216.606 
286 -0.0955197 0.0180634 -0.995264 -5.69075 0.0584143 0.998214 0.0125107 8.83704 0.993712 -0.0569427 -0.0964043 -217.57 
287 -0.0596635 0.0166846 -0.998079 -13.531 0.0582974 0.998212 0.0132019 8.90199 0.996515 -0.0573977 -0.0605294 -218.54 
288 -0.0255759 0.0159848 -0.999545 -20.9567 0.0580982 0.998206 0.0144768 8.98566 0.997983 -0.0577015 -0.0264587 -219.117 
289 0.00721991 0.0139849 -0.999876 -28.074 0.0578114 0.998224 0.0143792 9.0459 0.998301 -0.057908 0.00639861 -219.362 
290 0.0406117 0.0136736 -0.999081 -35.441 0.0573204 0.998228 0.0159919 9.21919 0.997529 -0.0579172 0.0397559 -219.614 
291 0.0734258 0.0147156 -0.997192 -42.5865 0.0570541 0.998192 0.0189314 9.36484 0.995667 -0.0582839 0.0724535 -219.512 
292 0.105077 0.0155428 -0.994343 -49.4949 0.0550486 0.998254 0.0214212 9.88521 0.992939 -0.056988 0.104038 -219.215 
293 0.136537 0.0170799 -0.990488 -56.3546 0.05382 0.998247 0.0246327 10.2573 0.989172 -0.0566713 0.135379 -218.718 
294 0.166597 0.0185978 -0.98585 -62.9151 0.0536239 0.998172 0.0278921 10.3965 0.984566 -0.0575118 0.165296 -218.112 
295 0.197021 0.0191334 -0.980213 -69.5295 0.0537739 0.998094 0.0302909 10.4249 0.978923 -0.0586777 0.195616 -217.2 
296 0.226757 0.0224757 -0.973692 -76.0702 0.0523154 0.998009 0.0352204 10.8999 0.972545 -0.0589256 0.225129 -216.257 
297 0.256975 0.0248278 -0.966099 -82.6866 0.0504282 0.997964 0.0390602 11.4379 0.965102 -0.0587561 0.255199 -214.978 
298 0.287519 0.0258958 -0.957425 -89.4172 0.0494331 0.997901 0.0418356 11.7451 0.956498 -0.059357 0.285636 -213.448 
299 0.317327 0.0284556 -0.947889 -95.9597 0.048797 0.997736 0.0462879 12.0076 0.94706 -0.0609425 0.31522 -211.779 
300 0.345799 0.0288341 -0.937866 -102.26 0.0478364 0.997686 0.0483109 12.2869 0.937089 -0.0615699 0.343619 -209.995 
301 0.373938 0.0298776 -0.926972 -108.488 0.0457608 0.997669 0.0506161 12.8327 0.926324 -0.0613463 0.371699 -208.041 
302 0.40188 0.0301389 -0.915196 -114.697 0.0445895 0.997628 0.0524336 13.1537 0.914606 -0.0618801 0.399583 -205.834 
303 0.431217 0.0311809 -0.901709 -121.231 0.0452956 0.997394 0.056151 13.0812 0.90111 -0.0650567 0.428681 -203.316 
304 0.458703 0.0325378 -0.887994 -127.346 0.0462221 0.997103 0.0604123 12.9579 0.887387 -0.0687562 0.45587 -200.766 
305 0.486172 0.0333512 -0.873227 -133.479 0.0445546 0.997026 0.0628854 13.414 0.872727 -0.0694794 0.48324 -197.932 
306 0.51266 0.0342928 -0.857907 -139.408 0.0416402 0.997033 0.064737 14.1585 0.857582 -0.0689114 0.509711 -194.99 
307 0.538138 0.0340583 -0.842169 -145.154 0.0391225 0.997097 0.0653227 14.7853 0.841948 -0.0681004 0.535243 -191.935 
308 0.560927 0.0326615 -0.827221 -150.328 0.0390197 0.997068 0.0658264 14.8291 0.826945 -0.0692017 0.558008 -189.139 
309 0.581771 0.0312645 -0.812751 -155.074 0.0388043 0.997056 0.0661306 14.8964 0.812426 -0.0700111 0.578845 -186.485 
310 0.601455 0.0305208 -0.798324 -159.565 0.0373223 0.997106 0.0662389 15.2656 0.798035 -0.0696349 0.598575 -183.867 
311 0.619917 0.0298574 -0.784099 -163.797 0.0348981 0.997238 0.0655642 15.8535 0.783891 -0.0680079 0.617162 -181.331 
312 0.636535 0.0310908 -0.770621 -167.566 0.0315303 0.997303 0.0662804 16.6991 0.770603 -0.0664877 0.633838 -178.988 
313 0.653001 0.0316267 -0.756696 -171.337 0.0289957 0.997351 0.0667073 17.3377 0.756802 -0.0655009 0.650354 -176.574 
314 0.66809 0.0332427 -0.743337 -174.787 0.0267467 0.997283 0.0686385 17.931 0.743599 -0.0657386 0.665386 -174.315 
315 0.683497 0.0327144 -0.72922 -178.376 0.0260536 0.997265 0.0691595 18.1158 0.729488 -0.0662691 0.680776 -171.904 
316 0.698524 0.0328698 -0.714831 -181.881 0.0249207 0.997221 0.070207 18.4154 0.715152 -0.0668554 0.695764 -169.408 
317 0.713125 0.032059 -0.700303 -185.324 0.0226015 0.997383 0.0686742 18.9828 0.700672 -0.0648012 0.710535 -166.817 
318 0.727146 0.0329316 -0.685693 -188.61 0.0193999 0.997464 0.0684777 19.7904 0.686209 -0.0630957 0.724663 -164.259 
319 0.741037 0.0334587 -0.67063 -191.889 0.0172818 0.997477 0.0688616 20.3354 0.671242 -0.0626186 0.738589 -161.613 
320 0.754571 0.0344088 -0.655316 -195.088 0.0166901 0.997295 0.0715832 20.5147 0.656006 -0.0649518 0.751955 -158.985 
321 0.767127 0.0345745 -0.640563 -198.093 0.0158445 0.997221 0.0728003 20.7434 0.6413 -0.0659965 0.764447 -156.472 
322 0.778598 0.0339395 -0.626605 -200.861 0.0150223 0.997242 0.0726809 20.9585 0.627344 -0.0660022 0.77594 -154.108 
323 0.790267 0.0342169 -0.611807 -203.704 0.012193 0.997364 0.0715298 21.6794 0.612641 -0.0639874 0.787767 -151.578 
324 0.800845 0.0353461 -0.597828 -206.268 0.00958875 0.997372 0.0718138 22.3552 0.598795 -0.0632441 0.798401 -149.263 
325 0.810697 0.035318 -0.5844 -208.697 0.00893567 0.997316 0.0726683 22.534 0.585398 -0.064134 0.808206 -147.102 
326 0.819249 0.0396063 -0.572069 -210.691 0.00581325 0.996987 0.07735 23.35 0.573409 -0.0666945 0.81655 -145.464 
327 0.828035 0.0406689 -0.559199 -212.894 0.00314442 0.997013 0.077166 24.0415 0.560667 -0.0656545 0.825435 -143.346 
328 0.835777 0.0432307 -0.547365 -214.789 -0.00028466 0.99693 0.0783026 24.9316 0.549069 -0.0652877 0.833223 -141.653 
329 0.842648 0.044188 -0.536648 -216.521 -0.00177484 0.99685 0.0792944 25.3205 0.538461 -0.0658649 0.840072 -140.243 
330 0.848127 0.0450153 -0.527877 -217.908 -0.00351593 0.99684 0.0793577 25.7777 0.529781 -0.0654494 0.845605 -139.32 
331 0.851708 0.0444962 -0.522123 -218.846 -0.00446296 0.996968 0.077683 26.0385 0.523997 -0.063833 0.849325 -139.121 
332 0.854997 0.0448688 -0.516688 -219.794 -0.0057395 0.997008 0.0770818 26.4004 0.518601 -0.0629392 0.852697 -139.157 
333 0.857441 0.0452081 -0.512592 -220.336 -0.0066879 0.997028 0.0767458 26.6398 0.514538 -0.0623769 0.855196 -139.323 
334 0.860132 0.0460534 -0.507988 -221.037 -0.00806507 0.997019 0.0767323 27.0064 0.510008 -0.0619029 0.857939 -139.479 
335 0.862381 0.0471621 -0.504058 -221.617 -0.0103628 0.997087 0.0755629 27.6245 0.506153 -0.0599406 0.860358 -139.781 
336 0.864554 0.0487698 -0.500168 -222.169 -0.0124031 0.997047 0.0757799 28.1693 0.502387 -0.0593122 0.862606 -140.151 
337 0.866895 0.0499488 -0.495983 -222.858 -0.0133569 0.996938 0.0770527 28.432 0.498312 -0.0601717 0.864907 -140.873 
338 0.868963 0.0506869 -0.492274 -223.343 -0.014704 0.996946 0.0766947 28.79 0.494658 -0.0594065 0.867055 -140.867 
339 0.871057 0.0501572 -0.488614 -223.941 -0.0145747 0.996974 0.0763588 28.7735 0.490965 -0.0593914 0.869152 -141.326 
340 0.873309 0.0500224 -0.484592 -224.69 -0.0148488 0.996985 0.0761548 28.8789 0.48694 -0.0593111 0.871419 -141.883 
341 0.875299 0.0492001 -0.481072 -225.181 -0.0147168 0.99706 0.0751944 28.8551 0.483357 -0.0587378 0.87345 -142.136 
342 0.876702 0.0475154 -0.478681 -225.63 -0.0133882 0.997134 0.0744584 28.5267 0.480847 -0.0588691 0.874826 -142.904 
343 0.877436 0.0450048 -0.477577 -225.906 -0.0114255 0.997267 0.0729866 28.0405 0.479557 -0.0585845 0.875553 -143.928 
344 0.878101 0.0450943 -0.476346 -226.104 -0.0115508 0.997257 0.0731145 28.086 0.478336 -0.0586998 0.876213 -145.051 
345 0.87835 0.0425609 -0.476119 -226.252 -0.00875519 0.997294 0.0729976 27.3532 0.477937 -0.059949 0.876346 -146.607 
346 0.879161 0.0419714 -0.474672 -226.592 -0.00758939 0.99722 0.0741194 27.0416 0.476464 -0.0615604 0.877036 -147.452 
348 0.879306 0.0389924 -0.474659 -226.645 -0.00413525 0.99723 0.0742602 26.1155 0.47624 -0.0633346 0.877031 -150.254 
349 0.879665 0.0377688 -0.474092 -226.786 -0.00342052 0.997318 0.0731052 25.9628 0.475582 -0.0626864 0.877435 -151.347 
350 0.879897 0.0391382 -0.47355 -226.83 -0.00535018 0.997355 0.0724889 26.5176 0.475135 -0.0612491 0.877779 -152.498 
