0 1 -5.42717e-07 -9.42528e-06 4.21847e-05 5.4275e-07 1 3.59383e-06 -0.000172914 9.42528e-06 -3.59383e-06 1 0.000581045 
7 0.999498 -0.00628931 0.0310624 -0.0308196 0.00616193 0.999972 0.00419477 0.0181252 -0.031088 -0.00400126 0.999509 -5.2257 
9 0.999235 -0.00501792 0.0387846 -0.0648983 0.00506852 0.999986 -0.00120647 0.0645016 -0.038778 0.00140213 0.999247 -6.83628 
11 0.999016 -0.00588922 0.0439622 -0.0954968 0.00591081 0.999982 -0.000361046 0.0733695 -0.0439593 0.000620543 0.999033 -8.4958 
12 0.998961 -0.00292495 0.0454778 -0.107048 0.00292555 0.999996 5.33998e-05 0.0747691 -0.0454778 7.97033e-05 0.998965 -9.32261 
13 0.998864 -0.00280183 0.0475799 -0.124136 0.00284363 0.999996 -0.000810788 0.0908132 -0.0475774 0.000945165 0.998867 -10.1677 
14 0.998794 -0.00133711 0.0490787 -0.140931 0.00137406 0.999999 -0.000719111 0.097676 -0.0490777 0.000785681 0.998795 -11.0317 
15 0.998685 -0.00389098 0.0511275 -0.160694 0.00380146 0.999991 0.00184815 0.0771084 -0.0511343 -0.00165136 0.99869 -11.8949 
16 0.998606 -0.004492 0.0525967 -0.173517 0.0042583 0.999981 0.00455458 0.0493954 -0.0526161 -0.00432426 0.998605 -12.7667 
17 0.998491 -0.00846309 0.0542592 -0.184963 0.00813038 0.999947 0.00634967 0.0333353 -0.05431 -0.00589895 0.998507 -13.6432 
18 0.998423 -0.00933468 0.0553586 -0.194962 0.00901478 0.999941 0.00602558 0.0447428 -0.0554116 -0.00551703 0.998448 -14.5356 
19 0.998359 -0.00826116 0.056665 -0.20944 0.00802216 0.999958 0.00444397 0.0757174 -0.0566994 -0.0039821 0.998383 -15.439 
20 0.998266 -0.00905909 0.0581578 -0.227119 0.0088919 0.999956 0.0031329 0.104082 -0.0581836 -0.00261033 0.998302 -16.3447 
21 0.998231 -0.00860408 0.0588345 -0.232068 0.00844968 0.99996 0.0028726 0.118831 -0.0588568 -0.00237038 0.998264 -17.2557 
22 0.99812 -0.00843765 0.0607001 -0.265002 0.00822896 0.999959 0.00368721 0.112886 -0.0607287 -0.00318078 0.998149 -18.1681 
23 0.998066 -0.0072079 0.0617424 -0.278795 0.00695624 0.999967 0.00429008 0.108617 -0.0617713 -0.00385229 0.998083 -19.0917 
24 0.998038 -0.00720847 0.0621898 -0.283833 0.00705864 0.999972 0.00262864 0.148273 -0.062207 -0.00218451 0.998061 -20.0173 
25 0.998022 -0.00825976 0.0623153 -0.283794 0.00832798 0.999965 -0.000835085 0.230452 -0.0623062 0.00135239 0.998056 -20.9523 
26 0.998066 -0.00891674 0.0615187 -0.263505 0.00921048 0.999947 -0.00449294 0.320212 -0.0614754 0.00505087 0.998096 -21.8902 
27 0.998179 -0.00774603 0.0598262 -0.222809 0.00819742 0.99994 -0.00730332 0.392139 -0.0597661 0.00778044 0.998182 -22.8278 
28 0.998258 -0.00794503 0.058454 -0.189051 0.0084397 0.999931 -0.00822048 0.427378 -0.0583846 0.0086995 0.998256 -23.7766 
29 0.998337 -0.00816388 0.0570743 -0.153183 0.0084851 0.999949 -0.00538803 0.368973 -0.0570274 0.00586334 0.998355 -24.7302 
30 0.998393 -0.00943719 0.0558744 -0.114821 0.00947578 0.999955 -0.000425748 0.252461 -0.0558679 0.000954518 0.998438 -25.6867 
31 0.998458 -0.00886771 0.0548008 -0.0870385 0.00874139 0.999959 0.00254441 0.179851 -0.0548211 -0.00206145 0.998494 -26.6478 
32 0.998511 -0.00611151 0.0542064 -0.0709181 0.00605197 0.999981 0.00126241 0.219523 -0.0542131 -0.00093248 0.998529 -27.6216 
33 0.998513 -0.00404713 0.0543547 -0.0741963 0.00425979 0.999984 -0.00379719 0.368611 -0.0543385 0.00402308 0.998514 -28.6021 
34 0.998475 -9.71595e-05 0.0552119 -0.0998779 0.000504923 0.999973 -0.00737153 0.480436 -0.0552096 0.00738816 0.998447 -29.5821 
35 0.998378 0.00748201 0.0564355 -0.143894 -0.00708312 0.999949 -0.00726475 0.477781 -0.0564869 0.00685323 0.99838 -30.5651 
36 0.998281 0.00944934 0.057845 -0.189817 -0.00926147 0.999951 -0.00351497 0.367353 -0.0578754 0.0029732 0.998319 -31.5482 
37 0.998201 0.00906914 0.0592682 -0.231006 -0.00911297 0.999958 0.000469148 0.2473 -0.0592615 -0.00100841 0.998242 -32.5393 
38 0.998085 0.00760851 0.0613814 -0.294997 -0.00770007 0.99997 0.00125521 0.231697 -0.06137 -0.00172545 0.998114 -33.5324 
39 0.998026 0.00769346 0.0623257 -0.326777 -0.00770088 0.99997 -0.000121209 0.288527 -0.0623248 -0.000358993 0.998056 -34.5326 
40 0.997966 0.00492823 0.063553 -0.362321 -0.0047548 0.999985 -0.00287979 0.403713 -0.0635662 0.00257175 0.997974 -35.5369 
41 0.997887 0.00509149 0.0647807 -0.402626 -0.00483286 0.99998 -0.00414842 0.460834 -0.0648005 0.00382657 0.997891 -36.5472 
42 0.997827 0.00388274 0.0657718 -0.437666 -0.00345717 0.999972 -0.00658312 0.565139 -0.0657955 0.00634143 0.997813 -37.5562 
43 0.997844 0.00404369 0.0655047 -0.425442 -0.00342302 0.999948 -0.00958469 0.694555 -0.06554 0.0093398 0.997806 -38.5568 
44 0.997807 -0.00164793 0.0661757 -0.44191 0.00240433 0.999933 -0.0113522 0.788457 -0.0661525 0.0114864 0.997743 -39.5585 
45 0.997787 -0.00158535 0.0664736 -0.450155 0.0023152 0.999938 -0.0109039 0.785896 -0.0664522 0.0110337 0.997729 -40.5553 
46 0.997798 -0.00171673 0.0663041 -0.439939 0.00234061 0.999954 -0.00933291 0.73355 -0.066285 0.00946755 0.997756 -41.5495 
47 0.997797 -0.00430488 0.0662085 -0.429016 0.00477052 0.999965 -0.00687647 0.650711 -0.0661766 0.00717717 0.997782 -42.5445 
48 0.997722 -0.00376263 0.0673598 -0.478163 0.00424486 0.999966 -0.00701738 0.667814 -0.0673311 0.00728732 0.997704 -43.5371 
49 0.997644 -0.00167764 0.0685833 -0.530737 0.00225369 0.999963 -0.00832275 0.731913 -0.0685668 0.00845771 0.997611 -44.534 
50 0.997581 -0.00197329 0.0694811 -0.568105 0.0026296 0.999953 -0.00935555 0.794964 -0.0694594 0.00951563 0.997539 -45.5225 
51 0.997541 -0.00476431 0.0699196 -0.583421 0.00517545 0.99997 -0.00570031 0.650889 -0.0698903 0.00604816 0.997536 -46.5071 
52 0.997494 -0.0053661 0.0705493 -0.607867 0.00548287 0.999984 -0.0014616 0.46198 -0.0705404 0.00184475 0.997507 -47.4908 
53 0.997455 -0.00628172 0.0710263 -0.626283 0.0063074 0.99998 -0.000137393 0.410775 -0.071024 0.000585034 0.997474 -48.469 
54 0.997445 -0.00491875 0.0712642 -0.635044 0.0052099 0.999979 -0.00390022 0.60758 -0.0712435 0.00426153 0.99745 -49.4502 
55 0.997439 -0.0025159 0.0714756 -0.647767 0.00303385 0.99997 -0.00713888 0.776197 -0.0714555 0.00733745 0.997417 -50.4316 
56 0.997427 -0.000637036 0.07169 -0.654084 0.00120283 0.999968 -0.00784932 0.822249 -0.0716827 0.00791535 0.997396 -51.3955 
57 0.997411 0.00236893 0.071866 -0.662433 -0.00187123 0.999974 -0.00699189 0.78501 -0.0718807 0.00683932 0.99739 -52.3621 
58 0.997355 0.0052993 0.0724971 -0.698506 -0.00488742 0.999971 -0.00585749 0.728018 -0.072526 0.00548767 0.997351 -53.3237 
59 0.997264 0.00683962 0.0736091 -0.757988 -0.00632799 0.999954 -0.00718159 0.807943 -0.0736549 0.00669614 0.997261 -54.2852 
60 0.997162 0.0101786 0.0746003 -0.811559 -0.00934218 0.99989 -0.0115521 1.05157 -0.0747097 0.0108223 0.997147 -55.2424 
61 0.997106 0.0114842 0.0751568 -0.842587 -0.0102617 0.999809 -0.0166325 1.34552 -0.0753334 0.0158132 0.997033 -56.1948 
62 0.997075 0.0099246 0.0757874 -0.875479 -0.00852343 0.999787 -0.0187893 1.48969 -0.0759578 0.0180884 0.996947 -57.1414 
63 0.996978 0.00859039 0.077204 -0.954807 -0.00746009 0.999861 -0.0149169 1.28959 -0.0773214 0.0142959 0.996904 -58.0813 
64 0.996889 0.00641492 0.0785608 -1.02931 -0.00588026 0.999958 -0.00703512 0.846284 -0.0786026 0.00655127 0.996884 -59.0151 
65 0.996829 0.00420842 0.079457 -1.07667 -0.00405991 0.99999 -0.00203057 0.566867 -0.0794648 0.00170154 0.996836 -59.9363 
66 0.996755 -0.000554965 0.0804947 -1.1308 0.000750885 0.999997 -0.0024037 0.617512 -0.0804931 0.00245634 0.996752 -60.8422 
67 0.996668 -0.00322115 0.0815026 -1.18817 0.00361577 0.999982 -0.0046946 0.787285 -0.0814861 0.00497366 0.996662 -61.7485 
68 0.996563 -0.00559689 0.0826453 -1.25284 0.00611654 0.999963 -0.00603587 0.898026 -0.0826085 0.00652063 0.996561 -62.6347 
69 0.99646 -0.00641758 0.0838231 -1.32405 0.00691685 0.99996 -0.00566713 0.890345 -0.0837834 0.00622686 0.996465 -63.5045 
70 0.996314 -0.00810507 0.0854021 -1.42071 0.00867708 0.999942 -0.00632876 0.955634 -0.0853458 0.00704647 0.996326 -64.3569 
71 0.996191 -0.00893037 0.0867449 -1.50306 0.00956687 0.99993 -0.00692474 1.01541 -0.086677 0.00772824 0.996206 -65.1978 
72 0.996059 -0.00879106 0.0882572 -1.59933 0.00947786 0.999928 -0.00736573 1.05949 -0.0881861 0.00817319 0.99607 -66.0277 
73 0.995957 -0.00859071 0.0894161 -1.67167 0.00938095 0.999921 -0.00842129 1.14115 -0.0893367 0.00922605 0.995959 -66.8437 
74 0.995821 -0.011248 0.0906356 -1.74486 0.0122782 0.999866 -0.0108171 1.32649 -0.0905018 0.0118847 0.995825 -67.6344 
76 0.99549 -0.0152146 0.0936392 -1.94197 0.0168229 0.999724 -0.01641 1.75991 -0.0933637 0.0179113 0.995471 -69.1954 
78 0.995199 -0.0189502 0.0960183 -2.09612 0.0195015 0.999798 -0.00480589 0.995536 -0.0959079 0.00665532 0.995368 -70.6922 
80 0.99499 -0.0195519 0.0980407 -2.23488 0.0194061 0.999809 0.00244036 0.492433 -0.0980697 -0.000525547 0.995179 -72.1096 
82 0.994732 -0.0219761 0.100127 -2.37564 0.0224041 0.999744 -0.00315143 0.941151 -0.100032 0.00537808 0.99497 -73.4455 
84 0.994831 -0.0115661 0.100881 -2.4284 0.0111916 0.999928 0.00427713 0.358586 -0.100923 -0.003126 0.994889 -74.6987 
86 0.995266 -0.0107858 0.0965888 -2.09883 0.00994024 0.999908 0.00923132 -0.00546777 -0.0966795 -0.0082275 0.995282 -75.8941 
88 0.996045 -0.013373 0.0878337 -1.42354 0.0131239 0.999908 0.0034123 0.470216 -0.0878713 -0.00224608 0.996129 -77.04 
90 0.997239 -0.00445363 0.0741266 -0.377047 0.00485308 0.999975 -0.00520941 1.12035 -0.0741015 0.00555477 0.997235 -78.1277 
92 0.998731 -0.0134345 0.0485441 1.62821 0.0136619 0.999897 -0.00435542 1.12145 -0.0484806 0.0050131 0.998812 -79.1282 
94 0.999819 -0.0170085 0.00853757 4.78545 0.0170577 0.999838 -0.00572323 1.26181 -0.00843885 0.00586783 0.999947 -79.963 
96 0.998804 -0.0127741 -0.047205 9.21025 0.0123687 0.999884 -0.00886917 1.50891 0.0473129 0.00827469 0.998846 -80.4803 
98 0.992973 -0.0133262 -0.117585 14.837 0.0120501 0.999861 -0.0115568 1.74558 0.117722 0.0100587 0.992996 -80.514 
100 0.978894 -0.0144881 -0.203854 21.7732 0.0121853 0.999847 -0.0125471 1.84226 0.204005 0.00979823 0.978921 -79.7671 
102 0.952022 -0.0175836 -0.305524 30.0006 0.0153924 0.999836 -0.00957958 1.63728 0.305643 0.00441723 0.952136 -77.8909 
104 0.90797 -0.0174701 -0.418672 39.1598 0.0158793 0.999847 -0.00728366 1.45832 0.418735 -3.48856e-05 0.908108 -74.4663 
106 0.845972 -0.0146574 -0.533026 48.4641 0.0145702 0.999884 -0.00437084 1.22217 0.533028 -0.00406866 0.846088 -69.5729 
108 0.769039 -0.0125476 -0.639079 57.0887 0.0121942 0.999913 -0.00495824 1.28493 0.639086 -0.00397995 0.769125 -63.4127 
109 0.726503 -0.0148476 -0.687003 60.9922 0.0124727 0.999887 -0.0084198 1.58932 0.68705 -0.00245178 0.726606 -60.0201 
110 0.680538 -0.0140279 -0.732579 64.706 0.0113536 0.999899 -0.00859972 1.60588 0.732625 -0.00246496 0.680628 -56.3326 
111 0.633575 -0.0100934 -0.773615 68.0392 0.00983538 0.999939 -0.00499132 1.29368 0.773619 -0.00444643 0.633636 -52.5689 
113 0.541023 -0.00694829 -0.840979 73.5517 0.00912955 0.999955 -0.00238851 1.08663 0.840958 -0.00638552 0.541062 -45.2173 
115 0.447012 -0.0117572 -0.894451 77.9502 0.0142292 0.999881 -0.00603188 1.42363 0.894415 -0.010031 0.447126 -37.7902 
117 0.365257 0.0106772 -0.930846 80.9482 0.00390561 0.999908 0.0130019 -0.229715 0.930899 -0.00838454 0.365181 -31.4485 
119 0.29654 0.0119285 -0.954946 82.9803 0.0046457 0.999892 0.0139325 -0.304496 0.955009 -0.00856794 0.296452 -26.2557 
121 0.236812 -0.00375912 -0.971548 84.434 0.0165445 0.999863 0.000164 0.90981 0.971415 -0.0161126 0.236842 -21.8989 
123 0.18779 0.00478172 -0.982198 85.4061 0.0196297 0.99977 0.00862036 0.176606 0.982013 -0.0208991 0.187653 -18.4931 
124 0.167515 0.0121432 -0.985795 85.7454 0.0259873 0.999522 0.0167283 -0.55624 0.985527 -0.0284203 0.167119 -17.1626 
125 0.148158 0.0143487 -0.98886 86.05 0.0324431 0.999286 0.0193609 -0.815527 0.988431 -0.0349502 0.147587 -15.9247 
126 0.130853 0.0120249 -0.991329 86.3108 0.0331835 0.999313 0.0165019 -0.572334 0.990846 -0.0350551 0.130364 -14.8926 
127 0.114931 0.00990795 -0.993324 86.5295 0.0288194 0.999496 0.013304 -0.266114 0.992955 -0.0301561 0.114587 -14.0071 
129 0.0872036 0.0129619 -0.996106 86.848 0.0232547 0.999616 0.0150434 -0.379418 0.995919 -0.024476 0.0868688 -12.6237 
131 0.0653276 0.0194089 -0.997675 87.109 0.0230057 0.999516 0.0209512 -0.886043 0.997599 -0.0243209 0.0648495 -11.7863 
133 0.0522984 0.0234564 -0.998356 87.2511 0.0238664 0.999409 0.0247314 -1.21509 0.998346 -0.0251206 0.0517077 -11.7737 
135 0.0407364 0.0252134 -0.998852 87.3815 0.0255897 0.999327 0.026269 -1.3568 0.998842 -0.0266304 0.0400638 -12.019 
137 0.0333159 0.0296779 -0.999004 87.422 0.0257299 0.999202 0.0305419 -1.7327 0.999114 -0.0267218 0.0325257 -12.6562 
139 0.0285625 0.0320651 -0.999078 87.5135 0.0246702 0.999158 0.032773 -1.90811 0.999288 -0.0255835 0.0277474 -13.5955 
140 0.0270638 0.0369454 -0.998951 87.504 0.0244492 0.998993 0.0376093 -2.32927 0.999335 -0.0254414 0.0261333 -14.2008 
142 0.0302968 0.0420337 -0.998657 87.4272 0.0238415 0.998801 0.0427631 -2.76562 0.999257 -0.0251051 0.0292584 -15.9787 
144 0.0388821 0.0448351 -0.998237 87.2711 0.0235507 0.998674 0.045772 -3.01958 0.998966 -0.0252889 0.0377746 -18.2777 
146 0.0463994 0.0464755 -0.997841 87.139 0.020451 0.998664 0.0474648 -3.11368 0.998714 -0.0226092 0.0453869 -20.5405 
148 0.0545383 0.0428299 -0.997593 86.9862 0.0171457 0.998892 0.0438231 -2.72103 0.998364 -0.0194945 0.0537435 -22.9896 
150 0.0624335 0.0374743 -0.997345 86.8137 0.0222633 0.998994 0.0389299 -2.37023 0.997801 -0.0246348 0.0615364 -25.3768 
152 0.0628181 0.0296627 -0.997584 86.8459 0.0305698 0.999032 0.0316307 -1.88637 0.997557 -0.0324829 0.0618505 -27.1313 
154 0.0629607 0.0245296 -0.997715 86.8589 0.0282735 0.999253 0.0263517 -1.34705 0.997615 -0.029868 0.0622201 -28.9001 
156 0.0640359 0.0228186 -0.997687 86.8571 0.0265116 0.999347 0.0245582 -1.12375 0.997595 -0.0280228 0.0633891 -30.772 
158 0.0639938 0.0183295 -0.997782 86.8568 0.0273282 0.999424 0.0201124 -0.725964 0.997576 -0.0285547 0.063456 -32.4576 
159 0.0627469 0.0153864 -0.997911 86.9055 0.028543 0.999444 0.0172048 -0.490986 0.997621 -0.0295629 0.0622729 -33.2089 
160 0.0604499 0.012718 -0.99809 86.9909 0.0283028 0.999495 0.0144501 -0.229594 0.99777 -0.0291222 0.0600594 -33.8589 
161 0.0562651 0.0100468 -0.998365 87.1343 0.0269351 0.99957 0.0115769 0.0787416 0.998052 -0.0275425 0.0559703 -34.3554 
162 0.0516382 0.00821417 -0.998632 87.2963 0.0245695 0.999653 0.00949302 0.347952 0.998364 -0.0250261 0.0514184 -34.8017 
163 0.0453594 0.00610999 -0.998952 87.5172 0.0224127 0.999723 0.0071324 0.636637 0.998719 -0.0227128 0.0452099 -35.1015 
164 0.0375992 0.00556509 -0.999277 87.8117 0.0229612 0.999716 0.00643147 0.696531 0.999029 -0.0231864 0.0374608 -35.3068 
165 0.028967 0.00543457 -0.999566 88.0957 0.0236044 0.999703 0.00611935 0.713651 0.999302 -0.0237714 0.0288301 -35.3212 
166 0.0189117 0.00576941 -0.999805 88.4478 0.0240074 0.999692 0.00622287 0.701195 0.999533 -0.0241203 0.0187674 -35.2559 
167 0.00882759 0.0066795 -0.999939 88.7995 0.022935 0.999713 0.00688047 0.692069 0.999698 -0.0229943 0.00867187 -35.1817 
168 -0.00172681 0.00581807 -0.999982 89.1661 0.0221865 0.999737 0.00577834 0.828653 0.999752 -0.0221761 -0.00185544 -35.0658 
169 -0.0129332 0.00709764 -0.999891 89.5595 0.0214354 0.999747 0.00681936 0.773685 0.999687 -0.0213448 -0.0130821 -34.8835 
170 -0.0238323 0.00745939 -0.999688 89.9428 0.0218709 0.999737 0.00693836 0.762835 0.999477 -0.0216987 -0.0239892 -34.7836 
171 -0.0348683 0.00809089 -0.999359 90.3158 0.0223819 0.999723 0.00731291 0.720461 0.999141 -0.0221125 -0.0350398 -34.5471 
172 -0.0456366 0.0078649 -0.998927 90.683 0.0236499 0.999697 0.00679051 0.727522 0.998678 -0.0233146 -0.0458088 -34.3882 
173 -0.0557492 0.00887845 -0.998405 91.0327 0.0248044 0.999664 0.00750461 0.627499 0.998137 -0.0243465 -0.0559507 -34.2692 
174 -0.0650931 0.00955169 -0.997833 91.3488 0.0254641 0.999644 0.00790789 0.576098 0.997554 -0.0248942 -0.0653132 -34.21 
176 -0.0840548 0.010714 -0.996404 91.9924 0.0261815 0.999621 0.00853996 0.518614 0.996117 -0.0253695 -0.0843034 -34.0002 
178 -0.09994 0.0138862 -0.994897 92.5299 0.0244732 0.999634 0.0114939 0.356141 0.994692 -0.0231996 -0.100243 -34.0663 
180 -0.109196 0.0195649 -0.993828 92.8321 0.021401 0.999621 0.0173276 0.000493782 0.99379 -0.0193768 -0.109574 -34.6877 
182 -0.11355 0.0213837 -0.993302 93.0087 0.0192918 0.999627 0.0193145 -0.0537789 0.993345 -0.0169695 -0.11392 -35.7609 
184 -0.113134 0.0229125 -0.993315 92.9926 0.0207913 0.99957 0.0206887 -0.220749 0.993362 -0.0183117 -0.113562 -37.1731 
186 -0.105194 0.0235982 -0.994172 92.6704 0.0229159 0.99951 0.0213002 -0.355238 0.994188 -0.0205417 -0.105683 -39.1363 
188 -0.0860911 0.0222414 -0.996039 91.9378 0.023754 0.999512 0.0202658 -0.284368 0.996004 -0.0219152 -0.0865774 -42.1909 
190 -0.0551416 0.0203769 -0.998271 90.6029 0.0251831 0.999502 0.019011 -0.224926 0.998161 -0.0240913 -0.0556273 -46.1525 
192 -0.00958314 0.0165322 -0.999817 88.426 0.0305689 0.999401 0.0162324 -0.238719 0.999487 -0.0304078 -0.0100828 -51.3046 
194 0.0516784 0.0125266 -0.998585 85.136 0.0319014 0.99939 0.0141877 -0.116052 0.998154 -0.0325894 0.0512473 -57.6775 
196 0.132178 0.00884679 -0.991187 80.2052 0.0259342 0.999587 0.0123802 0.379648 0.990887 -0.0273421 0.131894 -65.4036 
198 0.224742 0.00201213 -0.974416 73.7253 0.0183346 0.999812 0.00629334 1.35333 0.974246 -0.01928 0.224663 -73.68 
200 0.331595 -0.00263708 -0.943418 65.0994 0.0163312 0.999862 0.00294529 1.77764 0.94328 -0.0163838 0.331593 -82.4235 
201 0.390778 -0.000387841 -0.920485 59.7517 0.0164295 0.999844 0.00655363 1.4593 0.920338 -0.0176841 0.390724 -86.8292 
202 0.448637 0.000874681 -0.893714 54.1648 0.0199878 0.99974 0.0110122 0.865617 0.893491 -0.0228038 0.448503 -91.0138 
203 0.507895 0.00186231 -0.861417 47.9467 0.0228062 0.999618 0.0156077 0.302444 0.861117 -0.0275728 0.507658 -94.9379 
204 0.567662 -0.00207414 -0.823259 41.123 0.0266457 0.999519 0.0158548 0.0612309 0.82283 -0.0309365 0.567444 -98.5283 
205 0.621928 -0.00590301 -0.783052 34.4282 0.0293466 0.999445 0.0157738 -0.0858584 0.782524 -0.0327901 0.621756 -101.603 
206 0.674985 -0.00684905 -0.7378 27.3085 0.029888 0.99939 0.0180659 -0.324291 0.737226 -0.0342456 0.674777 -104.22 
207 0.723629 -0.00666877 -0.690157 20.1504 0.0275489 0.999436 0.0192278 -0.289452 0.68964 -0.0329269 0.723404 -106.17 
208 0.768427 -0.00862868 -0.63988 13.0392 0.0241474 0.999588 0.0155192 0.254021 0.639482 -0.0273768 0.768318 -107.915 
209 0.810092 -0.00874409 -0.586237 5.72895 0.0188788 0.999759 0.0111756 0.968505 0.585999 -0.0201207 0.810062 -109.038 
210 0.846434 -0.0101054 -0.532398 -1.31591 0.0156366 0.99986 0.00588178 1.64925 0.532264 -0.0133035 0.846474 -109.519 
211 0.877654 -0.0107186 -0.479174 -8.04303 0.0122693 0.999925 0.000105156 2.39371 0.479137 -0.00597142 0.87772 -109.809 
212 0.903396 -0.0139983 -0.428579 -14.2275 0.0126898 0.999902 -0.00591036 2.94011 0.428619 -9.9162e-05 0.903485 -109.655 
213 0.923471 -0.0170326 -0.383289 -19.5942 0.0144465 0.999849 -0.00962465 3.19163 0.383395 0.00335088 0.923578 -109.28 
214 0.938953 -0.0241694 -0.343195 -24.2542 0.0205424 0.999688 -0.0142005 3.26704 0.343432 0.00628353 0.939157 -108.852 
215 0.95097 -0.0272749 -0.308078 -28.0105 0.0244191 0.999616 -0.0131221 2.93565 0.308318 0.00495569 0.951271 -108.544 
217 0.966442 -0.0230625 -0.255849 -34.0654 0.020898 0.999719 -0.0111758 2.97067 0.256035 0.00545397 0.966652 -107.766 
219 0.973352 -0.0237197 -0.228087 -37.1034 0.0217116 0.9997 -0.0113098 2.94578 0.228287 0.00605627 0.973575 -107.81 
220 0.975626 -0.0289804 -0.217518 -38.0814 0.026969 0.999562 -0.0122104 2.71296 0.217777 0.00604657 0.97598 -107.977 
222 0.97699 -0.0417467 -0.209161 -39.1285 0.0405774 0.999128 -0.00988011 1.66665 0.209391 0.00116557 0.977831 -108.868 
224 0.976619 -0.0399888 -0.211226 -38.8689 0.0401028 0.999189 -0.00374543 1.10246 0.211204 -0.0048129 0.97743 -110.151 
225 0.975846 -0.0369901 -0.215304 -38.3853 0.0385878 0.99925 0.00322071 0.499905 0.215023 -0.011451 0.976542 -110.884 
227 0.97385 -0.0411351 -0.223437 -37.4332 0.0436302 0.999028 0.00623934 -0.113395 0.222963 -0.0158248 0.974698 -112.468 
229 0.971362 -0.0431978 -0.233646 -36.2258 0.043659 0.999041 -0.0032002 0.856633 0.23356 -0.00709219 0.972316 -114.247 
231 0.969797 -0.0391673 -0.240749 -35.2878 0.0373353 0.999229 -0.0121678 2.19325 0.24104 0.00281183 0.970511 -115.851 
233 0.969308 -0.029918 -0.244022 -34.9855 0.0289126 0.999552 -0.00770167 2.26532 0.244143 0.000409998 0.969739 -117.478 
234 0.969492 -0.0274558 -0.243579 -35.0318 0.0282159 0.999602 -0.000368705 1.53773 0.243492 -0.00651535 0.969881 -118.221 
235 0.969602 -0.0284523 -0.243027 -35.082 0.0308039 0.999508 0.00588086 0.713086 0.24274 -0.0131883 0.970002 -118.955 
236 0.97022 -0.0308216 -0.240258 -35.3796 0.0339951 0.999381 0.00907447 0.163265 0.239829 -0.0169718 0.970667 -119.551 
238 0.971269 -0.0282331 -0.236302 -35.8438 0.0286284 0.999589 -0.00175884 1.68217 0.236255 -0.00505665 0.971678 -120.968 
240 0.972014 -0.0334095 -0.232534 -36.3025 0.0324721 0.999442 -0.00785915 2.1317 0.232666 8.83586e-05 0.972557 -122.298 
242 0.973344 -0.0375523 -0.226255 -37.0594 0.0388286 0.999245 0.00119189 0.725363 0.22604 -0.00994531 0.974067 -123.884 
243 0.974269 -0.0358935 -0.222513 -37.523 0.037837 0.999274 0.00447594 0.423284 0.22219 -0.01278 0.97492 -124.665 
245 0.975991 -0.0303074 -0.215692 -38.4149 0.0315427 0.9995 0.00228629 1.09258 0.215514 -0.0090349 0.976459 -125.915 
246 0.976372 -0.0296959 -0.214045 -38.5259 0.030348 0.999539 -0.000239807 1.464 0.213954 -0.00626169 0.976824 -126.483 
248 0.976924 -0.0219277 -0.212461 -38.8174 0.0219917 0.999756 -0.00206231 2.23808 0.212454 -0.00265765 0.977167 -128.287 
249 0.977032 -0.023314 -0.211812 -38.8935 0.0230154 0.999728 -0.00387542 2.39181 0.211845 -0.00108854 0.977303 -129.101 
251 0.976645 -0.0330719 -0.212301 -38.7893 0.0336642 0.999433 -0.000825448 1.34803 0.212207 -0.00634076 0.977204 -130.762 
253 0.975076 -0.047997 -0.216617 -38.2089 0.048461 0.99882 -0.00317251 0.669171 0.216514 -0.00740402 0.976252 -132.787 
254 0.974314 -0.0508023 -0.219389 -37.8127 0.0507365 0.998694 -0.00593751 0.870468 0.219404 -0.00534603 0.975619 -133.741 
256 0.973292 -0.0494507 -0.224179 -37.0727 0.0502371 0.998735 -0.0021978 0.455546 0.224004 -0.00912302 0.974545 -135.636 
258 0.973625 -0.0358213 -0.225325 -36.9791 0.0369802 0.999316 0.000923261 0.975888 0.225138 -0.00923147 0.974283 -137.57 
259 0.973326 -0.0351675 -0.226714 -36.78 0.0363176 0.99934 0.00090224 1.03376 0.226533 -0.00911189 0.973961 -138.497 
260 0.9728 -0.0386359 -0.228401 -36.5327 0.0390234 0.999234 -0.00282103 1.33317 0.228336 -0.00616871 0.973563 -139.402 
261 0.972371 -0.0419561 -0.22964 -36.3358 0.0409791 0.999119 -0.00902414 2.00494 0.229817 -0.000635643 0.973234 -140.286 
263 0.971778 -0.0442818 -0.231704 -36.025 0.0437385 0.999015 -0.00748425 1.65121 0.231807 -0.00286135 0.972758 -142.143 
264 0.972015 -0.0367177 -0.232033 -35.9365 0.039718 0.999177 0.00827041 -0.122041 0.231538 -0.0172548 0.972673 -142.898 
266 0.972554 -0.0313613 -0.230554 -36.1838 0.0344349 0.999364 0.00931839 0.112412 0.230115 -0.0170017 0.973015 -144.696 
267 0.973013 -0.0295731 -0.228846 -36.4326 0.0278889 0.999555 -0.0105907 3.22337 0.229058 0.00392261 0.973405 -145.473 
268 0.97334 -0.0293665 -0.227478 -36.6307 0.0242822 0.99939 -0.0251177 5.44495 0.228077 0.0189243 0.973459 -146.238 
269 0.973322 -0.0330092 -0.227057 -36.6823 0.0291138 0.999366 -0.0204849 4.50982 0.227589 0.0133279 0.973666 -147.109 
270 0.973404 -0.0381891 -0.225888 -36.8453 0.0378044 0.999267 -0.00603047 1.95989 0.225953 -0.00266948 0.974135 -147.972 
271 0.9737 -0.0366469 -0.224867 -36.9871 0.0380789 0.999273 0.00203338 0.840609 0.224629 -0.0105426 0.974387 -148.852 
273 0.974984 -0.0323548 -0.219908 -37.7365 0.0336576 0.999431 0.00217911 1.15765 0.219712 -0.00952617 0.975518 -150.387 
275 0.976845 -0.0324188 -0.211476 -39.0254 0.034309 0.999397 0.00527391 0.692409 0.211177 -0.0124073 0.977369 -151.741 
277 0.977464 -0.0438117 -0.206504 -39.7827 0.0454903 0.998959 0.00338532 0.18847 0.206141 -0.012703 0.97844 -153.225 
279 0.978042 -0.0448051 -0.203533 -40.2082 0.0450897 0.998978 -0.00324081 1.18956 0.20347 -0.00600758 0.979063 -154.647 
281 0.979054 -0.0408914 -0.199454 -40.8672 0.0418067 0.999126 0.00037769 0.925804 0.199264 -0.00870827 0.979907 -156.279 
282 0.980201 -0.0355083 -0.194794 -41.5993 0.0372721 0.999291 0.00539579 0.53014 0.194464 -0.0125493 0.980829 -156.874 
283 0.981564 -0.032533 -0.188342 -42.6282 0.0344893 0.99938 0.00711825 0.482226 0.187994 -0.0134828 0.982078 -157.457 
284 0.982819 -0.0319447 -0.181786 -43.6702 0.0328887 0.999457 0.00218013 1.33077 0.181618 -0.00812138 0.983336 -157.985 
285 0.983926 -0.0307559 -0.175906 -44.587 0.0302413 0.999527 -0.00560578 2.6837 0.175995 0.000196036 0.984391 -158.413 
287 0.985166 -0.0366826 -0.16764 -45.9384 0.0341073 0.999252 -0.018217 4.30807 0.168183 0.012229 0.98568 -159.721 
289 0.987067 -0.0376903 -0.155815 -47.8384 0.0376313 0.999286 -0.00332922 1.83308 0.15583 -0.00257737 0.987781 -160.792 
291 0.98919 -0.0330545 -0.142864 -49.93 0.0337323 0.999428 0.00232423 1.26147 0.142705 -0.00711824 0.98974 -161.79 
293 0.990805 -0.0455519 -0.127401 -52.4305 0.045823 0.998949 -0.000803456 0.886366 0.127304 -0.00504184 0.991851 -162.658 
295 0.99296 -0.0460979 -0.109116 -55.4092 0.0472431 0.998852 0.00793192 -0.562772 0.108625 -0.0130311 0.993997 -163.336 
296 0.993807 -0.0464732 -0.100939 -56.7425 0.0472465 0.998869 0.00528257 -0.142532 0.100579 -0.0100189 0.994879 -163.722 
297 0.994408 -0.049766 -0.0931405 -58.0124 0.0498033 0.998757 -0.00192552 0.818354 0.0931206 -0.00272395 0.995651 -164.118 
298 0.994922 -0.0537099 -0.0851221 -59.3156 0.0532437 0.998552 -0.00773878 1.50136 0.0854144 0.00316727 0.99634 -164.483 
299 0.995578 -0.0525936 -0.0778389 -60.5065 0.051896 0.998592 -0.0109601 2.12691 0.0783058 0.00687213 0.996906 -164.881 
300 0.995996 -0.0536895 -0.0714833 -61.5331 0.0528979 0.998516 -0.012922 2.37967 0.072071 0.0090889 0.997358 -165.375 
301 0.996322 -0.0526924 -0.0675675 -62.1896 0.0520772 0.998584 -0.0108368 2.11687 0.0680429 0.00727822 0.997656 -165.928 
302 0.996361 -0.0573542 -0.0630465 -62.9281 0.057115 0.998352 -0.00559137 0.911452 0.0632633 0.00197013 0.997995 -166.49 
303 0.996247 -0.0628671 -0.0594999 -63.5008 0.0630315 0.998011 0.000887545 -0.567537 0.0593258 -0.00463458 0.998228 -167.106 
304 0.996342 -0.0640164 -0.0566053 -63.9729 0.0643024 0.997925 0.00324452 -1.04147 0.0562801 -0.00687251 0.998391 -167.757 
305 0.996402 -0.0659018 -0.0532937 -64.5195 0.0658498 0.997826 -0.00273308 -0.165191 0.053358 -0.000786141 0.998575 -168.395 
306 0.99636 -0.0684039 -0.0508742 -64.9119 0.0678153 0.99761 -0.0132094 1.43136 0.0516562 0.00971123 0.998618 -169.088 
307 0.996434 -0.0700169 -0.0470806 -65.5433 0.0691219 0.9974 -0.0203769 2.54295 0.0483849 0.0170499 0.998683 -169.679 
308 0.996892 -0.0664359 -0.0423447 -66.3454 0.0657751 0.997693 -0.0168133 2.21313 0.043364 0.0139758 0.998962 -170.214 
309 0.99786 -0.0538317 -0.0371051 -67.2496 0.0536434 0.998542 -0.00605301 1.31263 0.0373768 0.00404962 0.999293 -170.712 
310 0.998218 -0.0514625 -0.0302199 -68.4258 0.0514556 0.998675 -0.00100717 0.622311 0.0302317 -0.000549606 0.999543 -171.086 
311 0.998198 -0.0552739 -0.0233613 -69.5856 0.0552396 0.998471 -0.00211161 0.534912 0.0234423 0.000817336 0.999725 -171.44 
313 0.998826 -0.047796 -0.00790121 -72.236 0.0477052 0.998797 -0.0113102 2.68364 0.00843229 0.01092 0.999905 -172.033 
315 0.999387 -0.034785 0.0040685 -74.2803 0.0348423 0.999281 -0.0149817 4.27946 -0.00354444 0.0151143 0.999879 -172.809 
317 0.99959 -0.0227673 0.0173558 -76.5616 0.0227332 0.999739 0.00215919 2.21279 -0.0174005 -0.00176376 0.999847 -173.539 
318 0.999626 -0.0126788 0.0242118 -77.7349 0.0125351 0.999903 0.00607533 2.27641 -0.0242865 -0.00576956 0.999688 -173.87 
319 0.999396 -0.016269 0.0306957 -78.8637 0.0163137 0.999866 -0.0012055 3.28454 -0.030672 0.00170553 0.999528 -174.205 
320 0.999005 -0.0264728 0.0358872 -79.775 0.026994 0.999536 -0.0141152 4.79379 -0.0354968 0.0150698 0.999256 -174.614 
321 0.99868 -0.0312157 0.0408017 -80.6299 0.0321153 0.999251 -0.0215828 5.76513 -0.0400974 0.0228647 0.998934 -175.046 
322 0.998547 -0.030784 0.0442374 -81.2224 0.0316297 0.999328 -0.0185457 5.27437 -0.0436367 0.019918 0.998849 -175.643 
323 0.9984 -0.0329279 0.0459587 -81.5163 0.0333143 0.999416 -0.00766856 3.20789 -0.0456793 0.00918738 0.998914 -176.41 
324 0.997847 -0.0439405 0.0486849 -82.0055 0.0438916 0.999034 0.00207238 0.679694 -0.0487289 6.89408e-05 0.998812 -177.051 
326 0.997907 -0.0369663 0.0530575 -82.7597 0.0369844 0.999316 0.000641941 1.46159 -0.0530449 0.0013217 0.998591 -178.431 
327 0.997912 -0.0366929 0.053155 -82.7751 0.0371806 0.999275 -0.00821433 3.07787 -0.052815 0.0101735 0.998552 -179.277 
328 0.997865 -0.0381421 0.0530083 -82.7411 0.0389188 0.999148 -0.0136978 3.97357 -0.0524407 0.0157316 0.9985 -180.142 
329 0.997789 -0.0379064 0.0545973 -83.0205 0.038663 0.999169 -0.0128697 3.85466 -0.0540641 0.0149522 0.998426 -180.883 
330 0.997775 -0.035247 0.056588 -83.3735 0.0355236 0.999361 -0.00389008 2.43047 -0.0564147 0.00589163 0.99839 -181.602 
331 0.997958 -0.0254132 0.058594 -83.7298 0.0250382 0.999661 0.00712559 1.14961 -0.0587553 -0.00564395 0.998256 -182.301 
332 0.998039 -0.0151796 0.0607309 -84.1042 0.0145604 0.999838 0.0106254 1.2595 -0.0608823 -0.00972032 0.998098 -182.988 
333 0.997938 -0.0174796 0.0617554 -84.2932 0.0171325 0.999834 0.00614566 1.91921 -0.0618526 -0.00507496 0.998072 -183.758 
334 0.997749 -0.0228944 0.0630272 -84.5313 0.0232139 0.999721 -0.004342 3.4715 -0.0629102 0.00579534 0.998002 -184.499 
335 0.997629 -0.0237721 0.064581 -84.8153 0.0243277 0.999673 -0.00783107 4.07265 -0.0643738 0.00938361 0.997882 -185.222 
336 0.997591 -0.0231041 0.0654116 -84.9647 0.0234335 0.999716 -0.00427249 3.47233 -0.0652944 0.00579501 0.997849 -186.021 
337 0.997596 -0.0235022 0.0651946 -84.9492 0.0234112 0.999724 0.00216025 2.24865 -0.0652274 -0.000628771 0.99787 -186.999 
338 0.997399 -0.0304777 0.0653232 -84.9435 0.030356 0.999535 0.00285459 1.61774 -0.0653798 -0.000864214 0.99786 -187.744 
339 0.997305 -0.0328982 0.0655797 -84.9875 0.0329768 0.999456 -0.00011492 2.01405 -0.0655402 0.00227721 0.997847 -188.573 
340 0.997098 -0.0363692 0.0668721 -85.2535 0.0366471 0.999324 -0.00293349 2.31037 -0.0667202 0.00537565 0.997757 -189.286 
341 0.996993 -0.0395198 0.066653 -85.189 0.0399825 0.999185 -0.00562165 2.60464 -0.0663765 0.0082697 0.99776 -190.155 
342 0.996835 -0.0426685 0.0670779 -85.2649 0.043102 0.999058 -0.00502911 2.27808 -0.0668002 0.00790438 0.997735 -190.952 
343 0.996878 -0.0407415 0.0676409 -85.3709 0.0409377 0.999161 -0.00151631 1.76142 -0.0675223 0.00428064 0.997709 -191.73 
344 0.996697 -0.0432158 0.0687536 -85.5829 0.0430416 0.999065 0.00401382 0.525187 -0.0688628 -0.0010413 0.997626 -192.445 
345 0.996549 -0.0445277 0.070059 -85.8284 0.0443594 0.999008 0.00395753 0.444385 -0.0701657 -0.000836096 0.997535 -193.145 
346 0.996409 -0.04386 0.0724225 -86.3289 0.0443881 0.998998 -0.00569844 2.37441 -0.0721 0.00889268 0.997358 -193.916 
347 0.996387 -0.0417177 0.0739753 -86.5867 0.0429294 0.998967 -0.0148667 4.33115 -0.0732787 0.0179887 0.997149 -194.372 
348 0.996595 -0.0353716 0.0744862 -86.6816 0.0367379 0.999179 -0.0170531 5.2355 -0.0738218 0.0197315 0.997076 -195.092 
349 0.996581 -0.0341649 0.0752232 -86.8252 0.0350445 0.999332 -0.0104047 4.03184 -0.0748174 0.0130052 0.997112 -195.815 
350 0.996565 -0.0360516 0.0745585 -86.6911 0.0365397 0.999319 -0.00519171 2.87804 -0.0743205 0.00789822 0.997203 -196.636 
351 0.996631 -0.0360058 0.0736923 -86.5166 0.0360592 0.999349 0.000606495 1.7492 -0.0736662 0.00205283 0.997281 -197.449 
352 0.996738 -0.0333627 0.0734915 -86.475 0.0331714 0.999442 0.00382272 1.31637 -0.0735781 -0.00137243 0.997289 -198.184 
353 0.997043 -0.0299405 0.0707797 -85.957 0.0294372 0.999533 0.00814318 0.7076 -0.0709905 -0.00603554 0.997459 -199.31 
355 0.997677 -0.0296042 0.0613611 -84.0498 0.0293722 0.999558 0.00467972 1.4377 -0.0614725 -0.00286654 0.998105 -201.333 
357 0.998006 -0.0397709 0.049011 -81.5529 0.0402479 0.999151 -0.00878379 3.47533 -0.0486201 0.0107389 0.99876 -203.785 
359 0.99857 -0.0397439 0.035748 -78.854 0.0397556 0.999209 0.000382256 1.62857 -0.035735 0.00103948 0.999361 -206.175 
361 0.998841 -0.0433116 0.0209852 -75.7788 0.0430141 0.99897 0.0144275 -1.54021 -0.0215885 -0.0135081 0.999676 -208.636 
363 0.999203 -0.0392234 0.00744986 -72.9408 0.0391684 0.999205 0.0073839 0.232672 -0.00773356 -0.00708622 0.999945 -210.968 
365 0.999647 -0.0262518 -0.00417695 -70.4702 0.0262512 0.999655 -0.000208365 2.79131 0.00418098 9.86421e-05 0.999991 -213.087 
367 0.999485 -0.0308318 -0.00889989 -69.4994 0.03081 0.999522 -0.00256695 2.9887 0.00897478 0.00229142 0.999957 -214.713 
369 0.999479 -0.0313393 -0.00773248 -69.7132 0.0312822 0.999483 -0.00739353 4.00223 0.00796019 0.00714779 0.999943 -215.889 
371 0.999112 -0.0413508 -0.00813383 -69.6256 0.0413164 0.999137 -0.00435398 2.64702 0.00830684 0.00401405 0.999957 -217.232 
372 0.998907 -0.0461202 -0.00760467 -69.7325 0.0461545 0.998925 0.00439609 0.409324 0.00739375 -0.00474227 0.999961 -217.848 
374 0.999252 -0.038595 -0.00221791 -70.8943 0.038628 0.9991 0.01753 -1.91246 0.00153935 -0.0176025 0.999844 -218.773 
376 0.998849 -0.0476064 0.00584815 -72.6522 0.0476086 0.998866 -0.000230688 1.34551 -0.00583054 0.000508844 0.999983 -219.549 
377 0.999043 -0.0425102 0.0102724 -73.6154 0.0426577 0.998983 -0.0145938 4.87792 -0.00964156 0.015018 0.999841 -219.87 
378 0.99927 -0.0351754 0.0149019 -74.7075 0.035524 0.999085 -0.0238088 7.46089 -0.0140508 0.0243208 0.999605 -220.569 
379 0.999269 -0.0339334 0.0175878 -75.215 0.034319 0.999166 -0.0221096 7.16321 -0.0168229 0.022697 0.999601 -220.647 
380 0.999071 -0.0381754 0.020019 -75.7487 0.0384939 0.999134 -0.0157687 5.4684 -0.0193997 0.0165246 0.999675 -221.195 
382 0.999256 -0.0285853 0.0259087 -77.0398 0.0286551 0.999587 -0.00232976 3.17139 -0.0258314 0.00307044 0.999662 -222.179 
383 0.999429 -0.0206278 0.0267658 -77.2166 0.0208351 0.999755 -0.0074879 4.88971 -0.0266048 0.00804129 0.999614 -222.811 
385 0.999516 -0.00994439 0.0294678 -77.8931 0.0103832 0.999837 -0.0147761 7.32328 -0.029316 0.015075 0.999457 -224.322 
387 0.999509 -0.00207936 0.0312597 -78.1616 0.00231052 0.99997 -0.00736059 6.2128 -0.0312435 0.00742921 0.999484 -225.275 
388 0.999457 0.00670485 0.0322628 -78.3577 -0.0064983 0.999958 -0.00650287 6.65078 -0.032305 0.00628969 0.999458 -225.911 
389 0.999416 0.00810877 0.0331972 -78.565 -0.00779383 0.999923 -0.00960526 7.461 -0.0332726 0.00934092 0.999403 -226.542 
390 0.999387 0.009299 0.0337556 -78.6842 -0.0088332 0.999864 -0.0139221 8.53546 -0.0338805 0.0136154 0.999333 -227.18 
391 0.999346 0.0105391 0.0345927 -78.8703 -0.00995968 0.999808 -0.0168802 9.31068 -0.0347639 0.0165246 0.999259 -227.789 
392 0.99931 0.0119351 0.0351584 -78.9948 -0.0114277 0.999828 -0.0145988 8.90417 -0.0353266 0.014187 0.999275 -228.458 
393 0.999287 0.0141403 0.0350213 -78.9614 -0.0138864 0.999876 -0.00748252 7.4438 -0.0351227 0.00699086 0.999359 -229.232 
394 0.999255 0.0157935 0.0352083 -79.0993 -0.0158649 0.999873 0.00174841 5.45891 -0.0351762 -0.00230568 0.999378 -230.257 
396 0.999327 0.010676 0.0350964 -78.9935 -0.0109035 0.999921 0.00629756 4.04213 -0.0350264 -0.006676 0.999364 -231.364 
398 0.999256 0.0152039 0.0354507 -79.0652 -0.0149249 0.999856 -0.00812068 7.73572 -0.0355691 0.00758554 0.999338 -232.675 
400 0.999234 0.0141956 0.036477 -79.3107 -0.0136164 0.999778 -0.0160795 9.5502 -0.0366972 0.0155705 0.999205 -233.918 
402 0.998768 0.0230629 0.0439339 -81.0138 -0.0222473 0.999573 -0.0189647 10.8709 -0.0443525 0.017964 0.998854 -234.547 
404 0.997554 0.0307813 0.0627609 -85.3843 -0.0299535 0.999452 -0.0140893 10.2776 -0.0631602 0.0121749 0.997929 -234.176 
406 0.994826 0.0327923 0.0961565 -93.1679 -0.0320722 0.999445 -0.00902531 9.22863 -0.0963991 0.00589466 0.995325 -232.329 
408 0.989105 0.0351871 0.142944 -103.991 -0.0335377 0.99934 -0.0139322 10.5271 -0.14334 0.00898643 0.989633 -228.688 
410 0.978432 0.0388548 0.202884 -117.672 -0.0359451 0.999191 -0.0180084 11.7005 -0.20342 0.0103273 0.979037 -222.909 
411 0.970439 0.0358941 0.238661 -125.929 -0.0332163 0.999332 -0.0152341 10.8616 -0.239048 0.00685634 0.970983 -218.739 
413 0.946788 0.0265201 0.320765 -144.054 -0.0256354 0.999647 -0.00698153 8.32429 -0.320837 -0.00161291 0.947133 -208.389 
414 0.93075 0.0210067 0.365052 -153.794 -0.0205136 0.999776 -0.0052293 7.5465 -0.36508 -0.00262136 0.930973 -201.706 
416 0.889138 -0.00533497 0.457608 -173.48 0.00272086 0.999976 0.00637145 3.111 -0.457631 -0.00442001 0.889131 -186.058 
418 0.831515 -0.0283209 0.55478 -193.449 0.0239928 0.999599 0.0150676 -0.457701 -0.554984 0.00078173 0.831861 -165.955 
420 0.761389 -0.0394156 0.647096 -211.154 0.0389227 0.999129 0.0150612 -1.48378 -0.647126 0.0137193 0.76226 -143.616 
421 0.72303 -0.0434218 0.689451 -218.945 0.0504788 0.998675 0.00995951 -1.00607 -0.68897 0.0276017 0.724264 -131.799 
422 0.682053 -0.0481355 0.729717 -226.079 0.0620695 0.998041 0.00782026 -1.25589 -0.728664 0.0399593 0.683705 -119.469 
423 0.639705 -0.0521364 0.76685 -232.46 0.0713341 0.997418 0.00830544 -1.98682 -0.765303 0.0493895 0.641772 -106.819 
425 0.549777 -0.0502535 0.833799 -242.789 0.0777158 0.996936 0.00884289 -2.52457 -0.831688 0.0599377 0.551998 -81.2501 
426 0.501305 -0.0429095 0.864206 -247.043 0.0752583 0.997147 0.0058547 -1.61177 -0.861992 0.0621037 0.503104 -67.4564 
428 0.397951 -0.024509 0.917079 -253.197 0.0612046 0.998125 0.000116313 0.738307 -0.915363 0.0560831 0.398705 -38.9801 
430 0.293344 -0.0190542 0.955817 -255.907 0.054392 0.998514 0.00321227 0.410637 -0.954459 0.0510465 0.293944 -11.4329 
432 0.198882 -0.0173316 0.97987 -255.817 0.0566361 0.998376 0.0061636 -0.464131 -0.978386 0.0542702 0.19954 12.7602 
434 0.116137 -0.0131589 0.993146 -253.676 0.0545285 0.998489 0.00685322 -0.485113 -0.991735 0.0533589 0.116679 32.7037 
435 0.0802998 -0.0118291 0.996701 -252.434 0.0535066 0.998539 0.00754009 -0.598208 -0.995334 0.0527245 0.0808154 41.7709 
437 0.0263975 -0.0124956 0.999573 -249.783 0.0486105 0.998755 0.0112016 -1.20757 -0.998469 0.0482941 0.0269721 54.3111 
439 -0.0142052 -0.0160934 0.99977 -247.333 0.0457741 0.998812 0.0167284 -2.39858 -0.998851 0.0460012 -0.0134517 63.052 
441 -0.0395888 -0.0199683 0.999017 -245.633 0.0427828 0.99885 0.0216604 -3.43971 -0.9983 0.0435982 -0.038689 68.1698 
443 -0.0490063 -0.0202957 0.998592 -244.961 0.0407207 0.998922 0.0223007 -3.47324 -0.997968 0.0417562 -0.048127 69.1386 
445 -0.0523764 -0.0194203 0.998439 -244.721 0.0417016 0.998896 0.0216168 -3.34944 -0.997756 0.0427687 -0.0515087 68.4422 
447 -0.0514389 -0.0187596 0.9985 -244.773 0.0421037 0.998894 0.020936 -3.20791 -0.997788 0.0431175 -0.0505922 66.6384 
449 -0.0498192 -0.0145662 0.998652 -244.882 0.0373211 0.999168 0.0164355 -1.81881 -0.998061 0.0380896 -0.0492341 64.6513 
450 -0.0484522 -0.0141206 0.998726 -244.936 0.0359901 0.999226 0.0158737 -1.62512 -0.998177 0.0367134 -0.0479065 62.8367 
452 -0.0455994 -0.0144635 0.998855 -245.133 0.0355991 0.999237 0.0160941 -1.64579 -0.998325 0.0362922 -0.0450497 61.0759 
453 -0.0443164 -0.0133591 0.998928 -245.212 0.0363492 0.999227 0.0149757 -1.40573 -0.998356 0.0369739 -0.0437966 59.7978 
454 -0.0421662 -0.0107649 0.999053 -245.335 0.0366342 0.999253 0.0123132 -0.757333 -0.998439 0.0371187 -0.0417403 58.4025 
455 -0.0407193 -0.00787747 0.99914 -245.411 0.036551 0.999288 0.00936825 -0.0178833 -0.998502 0.036901 -0.0404024 57.1766 
456 -0.039104 -0.00698884 0.999211 -245.491 0.0369352 0.999282 0.00843479 0.198464 -0.998552 0.0372359 -0.0388178 55.9063 
457 -0.038901 -0.00634441 0.999223 -245.455 0.0387039 0.99922 0.00785118 0.256249 -0.998493 0.0389793 -0.0386251 54.2382 
459 -0.0364164 -0.00297736 0.999332 -245.616 0.0488453 0.998795 0.00475571 0.603111 -0.998142 0.0489858 -0.036227 51.9089 
460 -0.0359385 -0.00229982 0.999351 -245.63 0.0494159 0.99877 0.00407556 0.759853 -0.998131 0.0495303 -0.0357806 50.7763 
