0 0.999985 0.00173477 -0.00513749 0.00119631 -0.00171392 0.99999 0.00405961 -0.00535181 0.00514448 -0.00405075 0.999979 -0.00560729 
8 0.99217 0.000345859 0.124897 -0.388621 -0.00417325 0.99953 0.030384 -0.412055 -0.124828 -0.0306673 0.991704 -1.17645 
10 0.983242 -0.00426779 0.182257 -0.569149 -0.00374718 0.999042 0.0436092 -0.606429 -0.182269 -0.0435613 0.982283 -1.54947 
12 0.969859 -0.0151747 0.243196 -0.786967 -0.000398803 0.997959 0.0638602 -0.842952 -0.243668 -0.0620324 0.967873 -1.90256 
14 0.94853 -0.0248164 0.315714 -1.03474 0.00130718 0.997223 0.0744586 -1.07371 -0.316685 -0.0702135 0.945929 -2.28323 
16 0.924932 -0.0371358 0.378315 -1.2704 -6.20278e-05 0.995202 0.0978418 -1.39838 -0.380133 -0.0905204 0.920492 -2.68457 
18 0.895121 -0.0498556 0.443028 -1.43585 -0.00349265 0.992913 0.118793 -1.70998 -0.445811 -0.107881 0.888603 -2.94784 
20 0.847577 -0.0646718 0.526717 -1.74456 -0.00616344 0.99128 0.13163 -2.09147 -0.530637 -0.114813 0.839787 -3.19964 
22 0.796962 -0.0723077 0.599686 -2.01999 -0.0318555 0.986396 0.16127 -2.64033 -0.603189 -0.14763 0.783817 -3.38501 
24 0.730186 -0.108601 0.674562 -2.20342 -0.0259433 0.982168 0.186207 -3.15367 -0.682756 -0.153466 0.714348 -3.62879 
25 0.697039 -0.129456 0.705251 -2.22295 -0.0292082 0.977624 0.208321 -3.52337 -0.716438 -0.165807 0.677661 -3.74383 
26 0.654478 -0.140788 0.742857 -2.36318 -0.0459427 0.973289 0.224937 -3.88457 -0.754684 -0.181346 0.630528 -3.86978 
27 0.611167 -0.154832 0.77621 -2.49711 -0.0507617 0.970994 0.233654 -4.12938 -0.789872 -0.182203 0.58558 -4.01995 
28 0.565027 -0.17187 0.806973 -2.62555 -0.0577799 0.967419 0.246499 -4.47294 -0.823047 -0.185905 0.536687 -4.16735 
29 0.507013 -0.193552 0.839926 -2.81023 -0.0733133 0.961246 0.265764 -4.77771 -0.858815 -0.196323 0.473175 -4.2052 
30 0.455464 -0.210782 0.864941 -3.08832 -0.0736103 0.959323 0.272544 -5.0513 -0.887206 -0.187803 0.421422 -4.46435 
31 0.403766 -0.228996 0.885739 -3.29298 -0.0798977 0.955641 0.28349 -5.41046 -0.911367 -0.185232 0.367559 -4.79433 
33 0.291151 -0.26808 0.918349 -3.82194 -0.0851447 0.948865 0.303982 -5.84281 -0.952881 -0.166697 0.253438 -5.37998 
35 0.172072 -0.291384 0.941003 -4.42841 -0.0839324 0.947441 0.308725 -5.8505 -0.981502 -0.132104 0.138572 -5.94723 
37 0.0754656 -0.305015 0.949353 -4.89503 -0.0863507 0.946492 0.31096 -5.91765 -0.993402 -0.105444 0.0450894 -6.43982 
39 -0.00515163 -0.316882 0.948451 -5.32172 -0.0842859 0.945226 0.315347 -5.86921 -0.996428 -0.0783164 -0.0315781 -7.04083 
41 -0.0709756 -0.321411 0.944276 -5.7528 -0.0889945 0.944929 0.314943 -5.89564 -0.9935 -0.0616821 -0.0956707 -7.77461 
43 -0.118184 -0.326091 0.937922 -6.05861 -0.0937464 0.943987 0.316387 -5.93862 -0.988557 -0.0505348 -0.142134 -8.62364 
45 -0.146937 -0.326672 0.933646 -6.28219 -0.0947598 0.944199 0.315451 -5.93677 -0.984596 -0.0421206 -0.169693 -9.73831 
47 -0.162723 -0.330027 0.92984 -6.40235 -0.0912519 0.943396 0.318869 -5.88994 -0.982443 -0.0329622 -0.183628 -11.0037 
49 -0.168906 -0.32919 0.929034 -6.44593 -0.0901586 0.943786 0.318025 -5.86348 -0.9815 -0.0300442 -0.18909 -12.3051 
51 -0.167279 -0.32723 0.930021 -6.4351 -0.085054 0.944585 0.317056 -5.76895 -0.982234 -0.0260651 -0.185842 -13.95 
53 -0.163234 -0.330356 0.929634 -6.3683 -0.088736 0.94337 0.319656 -5.82278 -0.982589 -0.0303134 -0.183304 -15.6549 
55 -0.160003 -0.330691 0.930077 -6.29574 -0.0855851 0.943315 0.320674 -5.76024 -0.983399 -0.0282918 -0.179236 -17.2458 
56 -0.157895 -0.332028 0.92996 -6.25747 -0.0819591 0.942931 0.322744 -5.68912 -0.984049 -0.0252591 -0.176097 -18.1269 
57 -0.15615 -0.331995 0.930267 -6.22124 -0.079955 0.942978 0.32311 -5.63206 -0.984492 -0.0239257 -0.173791 -19.0227 
58 -0.153931 -0.33337 0.930145 -6.17409 -0.0806063 0.942464 0.324445 -5.64253 -0.984788 -0.0250334 -0.171946 -19.9837 
59 -0.152256 -0.335498 0.929655 -6.12236 -0.0836716 0.941621 0.326113 -5.70845 -0.984793 -0.0281332 -0.171439 -20.9024 
60 -0.150379 -0.336043 0.929764 -6.09379 -0.0846453 0.941382 0.326552 -5.73176 -0.984998 -0.0295935 -0.170009 -21.7432 
61 -0.15001 -0.333574 0.930712 -6.08257 -0.0822267 0.942312 0.324478 -5.65455 -0.985259 -0.0278545 -0.168785 -22.5298 
63 -0.147262 -0.330389 0.932286 -6.03506 -0.0778887 0.943509 0.322063 -5.52591 -0.986026 -0.025187 -0.164676 -24.3142 
65 -0.146437 -0.328552 0.933065 -6.02661 -0.0889645 0.943784 0.318365 -5.78873 -0.985211 -0.0363892 -0.167435 -25.8769 
66 -0.146784 -0.326467 0.933742 -6.04546 -0.0931238 0.944335 0.315532 -5.88964 -0.984775 -0.0406384 -0.169015 -26.6796 
67 -0.147563 -0.325397 0.933993 -6.06195 -0.0922186 0.944743 0.314573 -5.85477 -0.984744 -0.0397121 -0.169417 -27.5481 
68 -0.147704 -0.326581 0.933557 -6.03846 -0.0851044 0.944606 0.316981 -5.63578 -0.985363 -0.0326305 -0.167315 -28.477 
69 -0.148264 -0.327543 0.933131 -6.04028 -0.0784577 0.944481 0.319061 -5.42032 -0.985831 -0.025906 -0.165731 -29.421 
70 -0.148257 -0.329252 0.93253 -6.02762 -0.0730408 0.944021 0.321697 -5.23505 -0.986248 -0.020419 -0.164007 -30.3803 
71 -0.148308 -0.330897 0.93194 -6.01342 -0.0730325 0.943453 0.323363 -5.21378 -0.986241 -0.0201047 -0.164088 -31.2904 
72 -0.148734 -0.33092 0.931864 -6.01615 -0.0762846 0.943377 0.322833 -5.29578 -0.985931 -0.0230708 -0.165556 -32.1903 
73 -0.149214 -0.331339 0.931638 -6.02073 -0.0792028 0.943164 0.322753 -5.37794 -0.985628 -0.0256291 -0.166976 -33.0915 
74 -0.149067 -0.333194 0.931 -5.99941 -0.0784362 0.942537 0.324764 -5.33642 -0.985711 -0.0246125 -0.166636 -33.9831 
75 -0.148873 -0.33382 0.930807 -5.98657 -0.0761536 0.942371 0.325788 -5.2372 -0.98592 -0.0223832 -0.165715 -34.8753 
76 -0.148345 -0.33489 0.930507 -5.96325 -0.0779743 0.941949 0.326577 -5.27953 -0.985857 -0.0241097 -0.165846 -35.7422 
77 -0.147975 -0.335573 0.93032 -5.9411 -0.0833813 0.941559 0.326365 -5.45447 -0.98547 -0.0292776 -0.167307 -36.628 
78 -0.147636 -0.336507 0.930036 -5.92298 -0.0870961 0.941111 0.326688 -5.60618 -0.985199 -0.0327717 -0.16825 -37.2184 
80 -0.14672 -0.33508 0.930696 -5.88108 -0.0842943 0.941691 0.32575 -5.45062 -0.98558 -0.0306583 -0.16641 -39.2775 
81 -0.146137 -0.334637 0.930947 -5.84677 -0.079317 0.941984 0.326153 -5.24166 -0.98608 -0.0261768 -0.164201 -40.1479 
83 -0.14581 -0.334106 0.931189 -5.83805 -0.0698644 0.942376 0.32718 -4.8369 -0.986843 -0.0173509 -0.16075 -41.8082 
85 -0.145634 -0.333681 0.931369 -5.8157 -0.0749837 0.94242 0.325916 -5.00612 -0.986493 -0.0223731 -0.162269 -43.5505 
87 -0.144406 -0.33848 0.929827 -5.73335 -0.0821887 0.940532 0.329613 -5.29985 -0.986099 -0.028823 -0.163638 -45.1745 
89 -0.145427 -0.339406 0.92933 -5.76449 -0.0857247 0.940106 0.329927 -5.43469 -0.985648 -0.0316863 -0.165812 -46.8054 
91 -0.147726 -0.332467 0.931473 -5.87982 -0.0902567 0.942408 0.322056 -5.641 -0.984901 -0.0364957 -0.169226 -48.4226 
93 -0.151982 -0.330116 0.931625 -6.09747 -0.0801053 0.943588 0.321287 -5.1139 -0.985132 -0.0257983 -0.169852 -50.1138 
95 -0.155509 -0.328259 0.931699 -6.26763 -0.0770578 0.94433 0.319848 -4.91836 -0.984824 -0.0220556 -0.172146 -51.7973 
96 -0.156184 -0.33168 0.930374 -6.29577 -0.0811015 0.943059 0.322588 -5.11673 -0.984393 -0.0250716 -0.17419 -52.6769 
97 -0.156951 -0.335869 0.92874 -6.31576 -0.0851387 0.941496 0.326094 -5.30404 -0.98393 -0.027891 -0.176364 -53.382 
98 -0.157672 -0.33983 0.927176 -6.34057 -0.0869693 0.940051 0.329759 -5.38287 -0.983654 -0.0286421 -0.177774 -54.1725 
99 -0.158284 -0.34155 0.926439 -6.36395 -0.0860796 0.939468 0.331647 -5.313 -0.983634 -0.0272533 -0.178103 -54.978 
100 -0.159447 -0.341368 0.926307 -6.4251 -0.0845198 0.939587 0.331713 -5.21034 -0.983582 -0.0254007 -0.178666 -55.7933 
101 -0.160049 -0.343148 0.925545 -6.44719 -0.0851611 0.938936 0.333387 -5.22614 -0.983429 -0.0254621 -0.179499 -56.5992 
102 -0.160593 -0.343912 0.925167 -6.47193 -0.0853663 0.93866 0.33411 -5.2206 -0.983322 -0.0253222 -0.180101 -57.4019 
103 -0.161152 -0.342467 0.925606 -6.49759 -0.0834943 0.939233 0.332972 -5.10358 -0.983391 -0.0236236 -0.179953 -58.2138 
104 -0.161399 -0.341814 0.925804 -6.50595 -0.0805323 0.939537 0.332844 -4.91649 -0.983598 -0.0208364 -0.179167 -59.0258 
105 -0.161822 -0.341823 0.925727 -6.52613 -0.0761186 0.93962 0.333647 -4.63592 -0.98388 -0.0164736 -0.17807 -59.9382 
107 -0.162878 -0.341725 0.925578 -6.58366 -0.0742733 0.93969 0.333865 -4.48429 -0.983847 -0.0143666 -0.178436 -61.4095 
108 -0.163009 -0.341169 0.92576 -6.58712 -0.0761192 0.939862 0.332963 -4.58578 -0.983684 -0.0161922 -0.179175 -62.1748 
110 -0.162877 -0.341189 0.925776 -6.56826 -0.082446 0.939731 0.331826 -4.96105 -0.983196 -0.0222798 -0.18119 -63.6439 
112 -0.159023 -0.343787 0.925485 -6.30483 -0.0856121 0.938684 0.33398 -5.12826 -0.983556 -0.0261222 -0.178705 -65.0964 
114 -0.149344 -0.342942 0.927409 -5.65358 -0.0831314 0.938961 0.333827 -4.93447 -0.985284 -0.0272415 -0.168738 -66.5487 
115 -0.142413 -0.342062 0.928823 -5.18757 -0.0815164 0.939253 0.333404 -4.81134 -0.986445 -0.0282332 -0.161646 -67.2721 
117 -0.121933 -0.34396 0.931034 -3.79086 -0.0785497 0.938435 0.336407 -4.56371 -0.989425 -0.0321134 -0.141444 -68.6635 
119 -0.0886833 -0.345978 0.934042 -1.48297 -0.0761597 0.937347 0.339971 -4.35583 -0.993144 -0.0409866 -0.109477 -69.9722 
121 -0.0415817 -0.342345 0.938654 1.82616 -0.074715 0.937901 0.338761 -4.23302 -0.996338 -0.0560453 -0.0645778 -71.0906 
123 0.0209605 -0.333397 0.942554 6.26246 -0.0745125 0.939618 0.334015 -4.21652 -0.997 -0.0772332 -0.00514741 -71.8588 
125 0.0993292 -0.322708 0.941272 11.886 -0.0742339 0.940911 0.330418 -4.19501 -0.992282 -0.102694 0.0695041 -72.0347 
127 0.192514 -0.30403 0.933008 18.6055 -0.0743466 0.943542 0.322803 -4.21367 -0.978474 -0.13151 0.159042 -71.5856 
129 0.293651 -0.273447 0.915967 25.9306 -0.0831034 0.947282 0.309437 -4.9032 -0.952294 -0.166987 0.255446 -70.0604 
131 0.39763 -0.245713 0.884034 33.522 -0.0877174 0.948884 0.303192 -5.26272 -0.913344 -0.198103 0.355751 -67.6332 
133 0.493307 -0.211516 0.843747 40.538 -0.0922114 0.951804 0.292517 -5.62851 -0.864954 -0.222104 0.450028 -64.5149 
135 0.582438 -0.174571 0.793908 46.9078 -0.102785 0.953012 0.284963 -6.43767 -0.80635 -0.247575 0.537127 -60.5194 
137 0.668444 -0.147963 0.728896 53.5129 -0.114791 0.947746 0.29766 -7.32388 -0.734851 -0.28264 0.61653 -55.8037 
138 0.711576 -0.134672 0.689581 56.6897 -0.11842 0.944431 0.306639 -7.58581 -0.692557 -0.299858 0.656087 -52.9062 
140 0.788648 -0.0991554 0.606797 62.5429 -0.121551 0.942289 0.311956 -7.82415 -0.60271 -0.31978 0.731082 -46.8047 
141 0.822473 -0.0837975 0.562597 64.9676 -0.121062 0.940637 0.317089 -7.77542 -0.555771 -0.328906 0.763504 -43.5694 
143 0.876487 -0.0559957 0.478158 69.3061 -0.113305 0.94132 0.31793 -7.14902 -0.467902 -0.332839 0.81871 -37.8452 
145 0.913386 -0.0381495 0.405303 72.2392 -0.103761 0.940901 0.322397 -6.38307 -0.393649 -0.336527 0.855447 -33.2419 
147 0.934353 -0.0177548 0.355907 73.9698 -0.103557 0.942126 0.318864 -6.33904 -0.340971 -0.334788 0.87844 -30.4558 
149 0.947694 -0.00526413 0.319136 75.0482 -0.101152 0.943372 0.315938 -6.09488 -0.302727 -0.331694 0.893496 -28.9652 
151 0.956889 -0.00311046 0.290436 76.0122 -0.0925225 0.944589 0.314946 -5.39179 -0.275323 -0.328241 0.903579 -28.2443 
153 0.964262 0.00711471 0.264855 76.7366 -0.0937161 0.944176 0.315831 -5.46249 -0.247823 -0.329365 0.9111 -27.5601 
155 0.971455 0.0154121 0.236722 77.5925 -0.0915177 0.944987 0.314044 -5.26038 -0.218859 -0.326744 0.919423 -26.9344 
156 0.973944 0.0191079 0.225983 77.8854 -0.0919389 0.944158 0.316407 -5.29995 -0.207317 -0.328939 0.921313 -26.8615 
157 0.976376 0.0211003 0.215045 78.1877 -0.0913223 0.942264 0.322179 -5.29451 -0.195831 -0.334206 0.921931 -26.6717 
158 0.978092 0.0254621 0.206608 78.3735 -0.0934998 0.940482 0.326728 -5.51702 -0.185992 -0.338888 0.922259 -26.7358 
160 0.980934 0.0294776 0.192094 78.8437 -0.0913861 0.942296 0.322068 -5.27175 -0.171515 -0.333482 0.927023 -27.19 
161 0.982114 0.0277196 0.186238 79.0002 -0.0864105 0.945148 0.315004 -4.73545 -0.167291 -0.325463 0.930638 -27.6284 
162 0.982789 0.0286904 0.18249 79.096 -0.0853222 0.946683 0.310664 -4.55653 -0.163847 -0.320888 0.932837 -28.1556 
164 0.983738 0.0316861 0.17679 79.2464 -0.0865886 0.946043 0.312259 -4.66313 -0.157356 -0.322489 0.933402 -29.3002 
166 0.98428 0.0374334 0.172603 79.4357 -0.0899301 0.947328 0.307379 -4.82099 -0.152006 -0.318069 0.935803 -30.5444 
167 0.984493 0.0402509 0.170746 79.5038 -0.0917474 0.947734 0.305586 -4.91929 -0.149521 -0.316513 0.93673 -31.1608 
168 0.984754 0.0419749 0.168814 79.5732 -0.09323 0.946657 0.308462 -5.08192 -0.146861 -0.319498 0.936137 -31.7843 
169 0.985291 0.0395465 0.166244 79.6461 -0.0910951 0.944648 0.315186 -5.02809 -0.144578 -0.325694 0.934356 -32.4259 
170 0.985661 0.0389328 0.164187 79.7124 -0.0909433 0.942175 0.322546 -5.16671 -0.142135 -0.332852 0.932205 -33.0556 
171 0.98613 0.0375746 0.161669 79.8056 -0.0894209 0.940865 0.326767 -5.1344 -0.13983 -0.336691 0.931175 -33.516 
172 0.986457 0.0372491 0.159733 79.8654 -0.0882436 0.941443 0.325421 -4.98347 -0.138258 -0.335109 0.93198 -34.2935 
173 0.987047 0.0354716 0.156462 79.9743 -0.0849531 0.942861 0.322174 -4.61026 -0.136094 -0.331293 0.933661 -34.8358 
175 0.9877 0.0366401 0.152006 80.1508 -0.0836049 0.945271 0.315393 -4.29021 -0.132131 -0.324223 0.936708 -36.0861 
177 0.987617 0.041754 0.151226 80.2153 -0.0881329 0.945116 0.314623 -4.62277 -0.129789 -0.324055 0.937093 -37.4549 
178 0.987717 0.042266 0.150432 80.2544 -0.0885857 0.944526 0.316264 -4.69734 -0.128719 -0.325706 0.936668 -38.1613 
179 0.987657 0.0444734 0.150188 80.2818 -0.0907377 0.94402 0.317163 -4.89887 -0.127675 -0.326876 0.936403 -38.8898 
180 0.987717 0.0451337 0.149596 80.3059 -0.0911844 0.943945 0.317259 -4.92805 -0.126891 -0.327003 0.936466 -39.6267 
181 0.988093 0.0426501 0.147827 80.3597 -0.0881648 0.944372 0.31684 -4.64257 -0.12609 -0.326101 0.936888 -40.3615 
182 0.988101 0.0424233 0.147838 80.377 -0.0880601 0.944112 0.317644 -4.66031 -0.1261 -0.326883 0.936614 -41.079 
184 0.987389 0.0438159 0.152131 80.2017 -0.0907299 0.944089 0.31696 -4.83068 -0.129738 -0.326765 0.936158 -43.1631 
185 0.987149 0.040914 0.154474 80.0838 -0.0888058 0.944108 0.317448 -4.66806 -0.132852 -0.327086 0.935609 -44.2742 
186 0.987046 0.0368255 0.156153 79.9887 -0.0855324 0.944233 0.317974 -4.39103 -0.135735 -0.327211 0.935152 -45.2921 
188 0.986544 0.0330844 0.160115 79.7938 -0.0845331 0.941475 0.326312 -4.59874 -0.139948 -0.335456 0.931603 -47.1715 
190 0.985835 0.0331407 0.164411 79.5982 -0.0860674 0.94133 0.326328 -4.70508 -0.14395 -0.335856 0.930849 -49.3104 
191 0.985393 0.0338361 0.166902 79.4883 -0.0874462 0.941521 0.32541 -4.7762 -0.146131 -0.335251 0.930727 -50.3172 
192 0.985024 0.0340807 0.169013 79.3895 -0.0881049 0.942113 0.323512 -4.7478 -0.148204 -0.333558 0.931007 -51.3225 
193 0.984783 0.0342948 0.17037 79.3304 -0.0882102 0.943304 0.319995 -4.5992 -0.149736 -0.330154 0.931975 -52.283 
194 0.984596 0.0345786 0.171391 79.2883 -0.0880991 0.944832 0.315484 -4.3838 -0.151026 -0.325724 0.933325 -53.2302 
195 0.984677 0.0350371 0.170831 79.3298 -0.0880324 0.945498 0.313503 -4.27708 -0.150536 -0.323738 0.934095 -54.0573 
196 0.985309 0.0326826 0.167623 79.4822 -0.0847629 0.945678 0.313861 -3.99108 -0.14826 -0.323459 0.934555 -54.7461 
197 0.985576 0.0328409 0.166016 79.5754 -0.0845811 0.94527 0.315135 -4.01953 -0.146581 -0.324631 0.934413 -55.4946 
198 0.985622 0.0354521 0.165202 79.6583 -0.0870718 0.944487 0.3168 -4.30335 -0.1448 -0.326629 0.933995 -56.2377 
199 0.98559 0.0393182 0.164519 79.7439 -0.0907175 0.943769 0.317914 -4.67136 -0.142768 -0.328258 0.933737 -57.0008 
200 0.985739 0.0412655 0.163146 79.8523 -0.0920883 0.943707 0.317706 -4.76695 -0.140852 -0.328199 0.934048 -57.7084 
201 0.985642 0.0440554 0.162997 79.9031 -0.0942798 0.944451 0.31484 -4.80672 -0.140072 -0.325687 0.935044 -58.5375 
202 0.985498 0.046769 0.163115 79.9333 -0.096492 0.945178 0.311973 -4.84621 -0.139582 -0.323188 0.935984 -59.3979 
203 0.985544 0.0475251 0.16262 79.9761 -0.0970082 0.945225 0.31167 -4.85643 -0.138901 -0.32294 0.936171 -60.317 
204 0.985936 0.0463072 0.160581 80.0861 -0.0956478 0.944274 0.314956 -4.88338 -0.137047 -0.325886 0.935423 -61.1282 
205 0.986313 0.0439249 0.158927 80.1626 -0.0936703 0.942492 0.320836 -5.00377 -0.135695 -0.331331 0.933706 -61.8469 
207 0.987164 0.0376624 0.155206 80.3095 -0.0880284 0.939166 0.331992 -5.06954 -0.133261 -0.341393 0.930426 -63.4748 
208 0.987313 0.0381614 0.154132 80.3747 -0.0882981 0.938716 0.333189 -5.14101 -0.131971 -0.342571 0.930177 -64.1558 
209 0.986973 0.0416765 0.155395 80.369 -0.0911796 0.940675 0.32683 -5.03896 -0.132555 -0.336741 0.93222 -65.1621 
210 0.986797 0.0424642 0.156298 80.3294 -0.090985 0.943699 0.318047 -4.49647 -0.133993 -0.328069 0.935103 -66.1362 
211 0.986475 0.0436241 0.157998 80.2451 -0.0915872 0.946117 0.310604 -4.09433 -0.135935 -0.320874 0.937316 -67.1606 
212 0.986022 0.0446623 0.160521 80.0971 -0.0936659 0.945345 0.312329 -4.3669 -0.137798 -0.322999 0.936314 -68.1825 
213 0.985263 0.0485859 0.164002 79.9294 -0.0989695 0.943942 0.314927 -4.98922 -0.139507 -0.326517 0.934839 -69.1879 
214 0.98475 0.0488367 0.166977 79.6942 -0.100484 0.94317 0.316754 -5.20226 -0.142019 -0.328703 0.933694 -70.1025 
215 0.984584 0.0459473 0.168772 79.5692 -0.0986264 0.942703 0.318721 -5.15447 -0.144458 -0.330453 0.932702 -71.3128 
216 0.98431 0.0428274 0.171173 79.3536 -0.0969987 0.941701 0.322166 -5.20445 -0.147397 -0.333714 0.931079 -72.4129 
217 0.983741 0.0408283 0.17489 79.055 -0.0969025 0.940566 0.325492 -5.39505 -0.151206 -0.337147 0.92923 -73.556 
218 0.983516 0.0374243 0.176908 78.825 -0.0950785 0.939216 0.3299 -5.48285 -0.153808 -0.341281 0.927292 -74.4768 
219 0.983399 0.0320789 0.1786 78.6339 -0.0906592 0.939462 0.330443 -5.10939 -0.157188 -0.341149 0.926774 -75.6793 
220 0.983095 0.0277167 0.180987 78.3752 -0.0871589 0.940138 0.32946 -4.70956 -0.161021 -0.339665 0.926661 -76.797 
221 0.982649 0.0241011 0.1839 78.0862 -0.0838254 0.942187 0.324433 -4.0475 -0.165449 -0.334219 0.92786 -77.9593 
222 0.982057 0.0227279 0.187208 77.8158 -0.0827295 0.94401 0.319375 -3.58319 -0.169468 -0.329132 0.928952 -79.08 
223 0.981039 0.0218996 0.19257 77.3821 -0.0831141 0.945132 0.315939 -3.36535 -0.175085 -0.325953 0.929032 -80.3268 
224 0.979826 0.0205774 0.198791 76.8674 -0.0837496 0.945411 0.314934 -3.33697 -0.181458 -0.325229 0.928062 -81.6306 
225 0.978528 0.0210212 0.205037 76.378 -0.0855265 0.946511 0.31113 -3.21766 -0.18753 -0.321986 0.927986 -82.9002 
226 0.977338 0.0182503 0.210897 75.84 -0.0849558 0.946339 0.311809 -3.19393 -0.193889 -0.32266 0.926444 -84.1938 
227 0.976636 0.0121197 0.214558 75.4055 -0.0806333 0.94613 0.313587 -2.90182 -0.199199 -0.323561 0.925002 -85.4074 
228 0.97563 0.00785185 0.219283 74.9164 -0.0790224 0.944875 0.317753 -3.04033 -0.2047 -0.327337 0.922469 -86.6335 
229 0.974363 0.00665393 0.224882 74.4005 -0.080435 0.9438 0.320581 -3.34502 -0.210111 -0.330451 0.920139 -87.7698 
230 0.973216 0.00334796 0.229867 73.9076 -0.0793085 0.943399 0.322038 -3.35426 -0.215778 -0.331643 0.918397 -89.0668 
231 0.97231 0.00059302 0.233696 73.5105 -0.0769646 0.945023 0.317819 -2.80533 -0.22066 -0.327004 0.9189 -90.2157 
232 0.970937 -0.00143772 0.239331 72.9618 -0.0760327 0.946327 0.31414 -2.42136 -0.226937 -0.323207 0.918715 -91.4576 
233 0.969379 -0.0023867 0.245559 72.3771 -0.0766862 0.947004 0.311934 -2.28921 -0.233289 -0.321213 0.917822 -92.6973 
234 0.967551 -0.00268729 0.25266 71.7243 -0.0796434 0.945727 0.31505 -2.79296 -0.239794 -0.32495 0.914826 -93.9447 
235 0.965593 -0.00477981 0.260013 70.9702 -0.0820088 0.943219 0.321889 -3.51774 -0.246788 -0.332137 0.910374 -95.282 
237 0.960037 -0.00844816 0.279746 69.0053 -0.0849869 0.943546 0.320154 -3.66102 -0.266658 -0.331134 0.905121 -98.2195 
238 0.956715 -0.0110092 0.290818 67.8464 -0.084723 0.945466 0.314509 -3.16937 -0.278421 -0.325534 0.903609 -99.8129 
239 0.953429 -0.0149826 0.301244 66.6934 -0.0823334 0.947906 0.307728 -2.37071 -0.290162 -0.318199 0.902527 -101.395 
240 0.95006 -0.018775 0.311503 65.5378 -0.0811665 0.948968 0.304748 -1.99146 -0.301328 -0.314812 0.900053 -102.931 
241 0.946784 -0.0264867 0.320779 64.3454 -0.0786695 0.94734 0.310416 -2.19894 -0.312109 -0.319132 0.894842 -104.433 
242 0.943024 -0.0321242 0.33117 63.0761 -0.0799907 0.944247 0.319372 -3.0607 -0.322966 -0.327666 0.887878 -105.932 
243 0.938748 -0.0352796 0.342793 61.7294 -0.0828067 0.942505 0.323769 -3.69931 -0.334507 -0.332323 0.881854 -107.456 
245 0.930158 -0.0401698 0.364955 59.1281 -0.0816974 0.946433 0.312394 -2.59185 -0.357954 -0.320392 0.877051 -110.461 
246 0.925382 -0.0428627 0.376604 57.6728 -0.0812499 0.948058 0.307547 -2.08874 -0.370225 -0.315198 0.873833 -112.004 
248 0.915563 -0.049025 0.399176 54.8615 -0.0856431 0.94601 0.312618 -2.95755 -0.392951 -0.320408 0.861933 -114.917 
249 0.911786 -0.050234 0.407582 53.8143 -0.0900963 0.943841 0.317878 -3.84837 -0.400661 -0.326558 0.856055 -116.149 
250 0.908296 -0.0509829 0.41521 52.8594 -0.0943907 0.941972 0.322148 -4.64842 -0.40754 -0.331798 0.850777 -117.318 
251 0.905169 -0.054249 0.421575 51.9568 -0.0945878 0.941244 0.324212 -4.84651 -0.414393 -0.333342 0.846854 -118.479 
252 0.902348 -0.0620822 0.426514 51.007 -0.089794 0.94078 0.326909 -4.57906 -0.421551 -0.333284 0.843337 -119.718 
253 0.898617 -0.0646233 0.433948 50.016 -0.0891233 0.941583 0.324776 -4.32333 -0.429586 -0.330524 0.840363 -120.883 
254 0.894687 -0.0657499 0.441829 48.9592 -0.088027 0.943761 0.318695 -3.64108 -0.437935 -0.324025 0.838582 -122.113 
255 0.891276 -0.0665268 0.448555 48.0517 -0.0860183 0.946416 0.311284 -2.73478 -0.445228 -0.316024 0.837795 -123.274 
256 0.888989 -0.0760719 0.451565 47.279 -0.0758626 0.948014 0.309054 -1.4751 -0.451601 -0.309003 0.837003 -124.386 
257 0.8869 -0.0862606 0.453837 46.5638 -0.0694175 0.946372 0.315534 -1.4162 -0.456717 -0.311351 0.833349 -125.44 
258 0.884197 -0.0877929 0.458789 45.8353 -0.0732899 0.94394 0.321878 -2.40267 -0.461328 -0.318228 0.828195 -126.46 
259 0.881423 -0.084511 0.464705 45.1716 -0.081458 0.941922 0.325802 -3.60571 -0.46525 -0.325023 0.823348 -127.45 
260 0.879582 -0.0867279 0.467776 44.657 -0.0810332 0.941564 0.326941 -3.66489 -0.468796 -0.325477 0.821155 -128.474 
261 0.877562 -0.0923121 0.470493 44.0416 -0.0749472 0.942817 0.324775 -2.81213 -0.473569 -0.320272 0.820462 -129.537 
262 0.874703 -0.0949695 0.475263 43.2537 -0.0723277 0.944054 0.321762 -2.22692 -0.479232 -0.315821 0.818898 -130.603 
263 0.871766 -0.0939077 0.480839 42.511 -0.0759795 0.943669 0.32205 -2.61327 -0.483996 -0.317286 0.815523 -131.624 
264 0.869517 -0.0964845 0.484387 41.8637 -0.0782148 0.941459 0.32793 -3.40601 -0.487671 -0.323027 0.811068 -132.543 
265 0.867012 -0.0986345 0.488428 41.2113 -0.081015 0.939267 0.333488 -4.26812 -0.491658 -0.328708 0.806364 -133.551 
266 0.864559 -0.101782 0.492117 40.5288 -0.0804614 0.938604 0.335482 -4.40442 -0.496049 -0.32964 0.803289 -134.54 
267 0.862436 -0.104316 0.495301 39.9456 -0.077376 0.939862 0.332675 -3.77585 -0.500218 -0.325235 0.802499 -135.526 
268 0.860222 -0.106597 0.498653 39.3413 -0.0755701 0.940456 0.331408 -3.43744 -0.504288 -0.322767 0.800946 -136.499 
269 0.857551 -0.108974 0.502724 38.6144 -0.0747568 0.940526 0.331396 -3.33401 -0.508939 -0.321771 0.798402 -137.491 
270 0.854893 -0.109077 0.507208 37.9298 -0.0765722 0.940413 0.331301 -3.50203 -0.513122 -0.322065 0.7956 -138.46 
271 0.852457 -0.108946 0.51132 37.3073 -0.0783806 0.940358 0.331034 -3.65293 -0.516889 -0.32227 0.793075 -139.406 
272 0.849984 -0.109717 0.515257 36.6606 -0.0788052 0.940586 0.330285 -3.60449 -0.520881 -0.321342 0.790837 -140.347 
273 0.84753 -0.112499 0.518687 35.9876 -0.0775243 0.940556 0.330672 -3.49222 -0.525054 -0.320466 0.788429 -141.289 
274 0.845097 -0.114266 0.522259 35.2797 -0.0773622 0.940471 0.330952 -3.47714 -0.528986 -0.320089 0.785949 -142.182 
275 0.842242 -0.11487 0.526719 34.5984 -0.080604 0.93922 0.333719 -4.12406 -0.533039 -0.323528 0.781792 -143.138 
276 0.839594 -0.115268 0.530844 33.9134 -0.0840361 0.937901 0.33657 -4.79487 -0.536675 -0.327192 0.77777 -144.023 
277 0.837421 -0.116361 0.534028 33.3442 -0.0857019 0.937033 0.338563 -5.18715 -0.539797 -0.329287 0.774719 -144.885 
278 0.835294 -0.117572 0.537085 32.7829 -0.0837591 0.938253 0.335656 -4.64215 -0.543386 -0.325357 0.77387 -145.784 
279 0.833311 -0.11837 0.539983 32.2663 -0.0794469 0.941022 0.328887 -3.40049 -0.547066 -0.316965 0.77476 -146.683 
280 0.831268 -0.116715 0.54348 31.767 -0.0767258 0.944259 0.320138 -2.10393 -0.550551 -0.30782 0.775978 -147.573 
282 0.827191 -0.112462 0.550551 30.7354 -0.0800011 0.946217 0.313485 -1.69034 -0.556196 -0.303357 0.773706 -149.173 
284 0.823159 -0.113975 0.556255 29.7421 -0.0842405 0.944292 0.318144 -2.66028 -0.561527 -0.308742 0.767701 -150.778 
286 0.819994 -0.112757 0.561156 28.9628 -0.0876516 0.944102 0.317786 -2.98103 -0.565621 -0.309769 0.764275 -152.22 
288 0.817407 -0.113818 0.564705 28.222 -0.0864734 0.944936 0.315624 -2.57092 -0.569534 -0.306825 0.762555 -153.52 
290 0.813766 -0.111146 0.570466 27.4073 -0.089862 0.945678 0.312438 -2.55562 -0.574203 -0.305515 0.759573 -154.855 
292 0.811579 -0.114004 0.573012 26.7976 -0.0910402 0.944119 0.316782 -3.17195 -0.577106 -0.309261 0.755848 -155.972 
294 0.807386 -0.112854 0.57913 25.7485 -0.0973913 0.942583 0.319456 -4.20802 -0.581931 -0.314327 0.750037 -157.052 
296 0.800437 -0.111922 0.588875 23.9887 -0.100148 0.943634 0.315475 -4.04457 -0.590991 -0.311493 0.744111 -158.184 
299 0.78982 -0.126664 0.600118 21.0084 -0.0846681 0.946559 0.311219 -1.68224 -0.607467 -0.296617 0.736887 -159.793 
302 0.771245 -0.127843 0.623568 16.3663 -0.0869408 0.949287 0.302152 -0.8323 -0.630573 -0.287246 0.721018 -161.299 
305 0.738085 -0.142299 0.659531 8.09668 -0.0853771 0.949951 0.300505 -0.421719 -0.669284 -0.278107 0.688996 -162.67 
308 0.692939 -0.161925 0.702577 -2.48304 -0.0931711 0.946173 0.309961 -2.47394 -0.71495 -0.280244 0.640554 -163.55 
311 0.644403 -0.194474 0.739544 -13.4165 -0.0880332 0.941824 0.324374 -3.61442 -0.759602 -0.274132 0.589793 -163.616 
314 0.58108 -0.210573 0.786133 -26.444 -0.088231 0.943955 0.318064 -2.8615 -0.80905 -0.254182 0.529934 -162.669 
316 0.531512 -0.231527 0.814795 -36.1857 -0.0792932 0.944096 0.319993 -2.0163 -0.843331 -0.234688 0.483439 -161.21 
318 0.479897 -0.251018 0.840648 -45.8227 -0.0732283 0.94339 0.323501 -1.70929 -0.874263 -0.216806 0.434349 -159.149 
320 0.424856 -0.271621 0.863551 -55.6614 -0.065702 0.942156 0.328671 -1.40644 -0.902874 -0.196375 0.382434 -156.321 
322 0.362185 -0.284742 0.88755 -66.1195 -0.0685162 0.941489 0.330006 -1.91005 -0.929585 -0.180335 0.321484 -152.666 
324 0.287945 -0.298998 0.909774 -77.8781 -0.0745614 0.940126 0.332572 -2.95684 -0.95474 -0.163596 0.248411 -147.475 
326 0.202405 -0.312477 0.928111 -90.5431 -0.0772518 0.939679 0.333219 -3.36547 -0.97625 -0.139143 0.166056 -140.565 
328 0.106679 -0.323926 0.940049 -104.147 -0.0823217 0.93932 0.333017 -3.93104 -0.99088 -0.112912 0.0735394 -131.214 
330 0.00259272 -0.333893 0.942608 -116.837 -0.0808224 0.939457 0.332999 -3.77 -0.996725 -0.0770472 -0.0245503 -120.945 
332 -0.104906 -0.334839 0.936418 -129.126 -0.0760544 0.941557 0.328156 -2.56275 -0.99157 -0.0367932 -0.124241 -108.504 
334 -0.210139 -0.33169 0.919687 -140.108 -0.0720364 0.943387 0.323778 -1.4796 -0.975014 0.00178753 -0.222136 -94.4782 
336 -0.310653 -0.327182 0.892439 -148.985 -0.0691526 0.944183 0.32208 -0.921601 -0.948004 0.038341 -0.315939 -80.874 
337 -0.358641 -0.321351 0.876419 -152.876 -0.0674222 0.945343 0.319033 -0.319928 -0.931038 0.055328 -0.360705 -73.6637 
338 -0.404864 -0.313863 0.858822 -156.422 -0.0649213 0.94674 0.315388 0.489066 -0.912069 0.0719335 -0.403677 -65.9374 
339 -0.447653 -0.307471 0.839683 -159.261 -0.0630871 0.947545 0.313335 0.948214 -0.891979 0.087292 -0.443569 -59.5258 
340 -0.487969 -0.301184 0.819252 -161.779 -0.0618582 0.948155 0.311729 1.30662 -0.870666 0.101437 -0.481301 -52.7102 
341 -0.525605 -0.294558 0.798108 -163.904 -0.0598745 0.948627 0.310679 1.69762 -0.848619 0.115508 -0.516239 -46.0394 
342 -0.557298 -0.288983 0.778401 -165.519 -0.0587436 0.948853 0.310206 1.91193 -0.828232 0.127151 -0.54577 -40.0945 
344 -0.607257 -0.283504 0.742203 -167.66 -0.0599444 0.947855 0.313013 1.43543 -0.792241 0.145588 -0.592586 -31.2028 
346 -0.637274 -0.280509 0.717772 -168.692 -0.0625373 0.947152 0.314629 0.932916 -0.768095 0.155617 -0.621138 -26.1501 
348 -0.657695 -0.274822 0.701363 -169.346 -0.0601557 0.947262 0.314764 1.22889 -0.750879 0.164828 -0.639541 -22.9937 
350 -0.671003 -0.271177 0.690085 -169.718 -0.058355 0.947146 0.315451 1.40379 -0.739154 0.171398 -0.651363 -21.3756 
352 -0.680372 -0.269314 0.68159 -169.968 -0.0580004 0.946902 0.316249 1.37525 -0.730568 0.175634 -0.659866 -20.6773 
354 -0.685333 -0.267182 0.677445 -170.094 -0.0566211 0.946997 0.316212 1.58035 -0.726025 0.178353 -0.664137 -20.9811 
356 -0.686992 -0.266134 0.676176 -170.107 -0.0565346 0.947275 0.315396 1.72418 -0.724462 0.178447 -0.665816 -22.5173 
358 -0.688546 -0.26491 0.675076 -170.168 -0.0571921 0.947828 0.313609 1.83561 -0.722934 0.177325 -0.667774 -23.6895 
359 -0.68892 -0.264772 0.674748 -170.173 -0.0564593 0.947669 0.314222 1.87664 -0.722635 0.178378 -0.667817 -24.5055 
360 -0.689319 -0.265911 0.673892 -170.181 -0.055479 0.946846 0.316867 1.72784 -0.722331 0.181035 -0.667431 -25.308 
361 -0.690031 -0.266419 0.672962 -170.201 -0.0544315 0.946257 0.318802 1.67183 -0.72173 0.183353 -0.667448 -26.0408 
362 -0.690421 -0.266163 0.672663 -170.207 -0.0544033 0.946324 0.318607 1.71339 -0.721359 0.183378 -0.667842 -26.8768 
363 -0.691248 -0.265422 0.672107 -170.231 -0.0554827 0.946849 0.316858 1.76773 -0.720485 0.181737 -0.669233 -27.6298 
364 -0.692171 -0.264071 0.671689 -170.252 -0.0557738 0.947448 0.315009 1.95237 -0.719576 0.180577 -0.670524 -28.4393 
365 -0.69295 -0.261608 0.671849 -170.274 -0.0541184 0.948093 0.313355 2.36484 -0.718951 0.18078 -0.671139 -29.2057 
366 -0.693758 -0.259367 0.671884 -170.293 -0.0530607 0.948775 0.311466 2.73167 -0.718251 0.180431 -0.671982 -30.028 
367 -0.694903 -0.259326 0.670716 -170.316 -0.0552948 0.949219 0.309717 2.63382 -0.716974 0.178136 -0.673955 -31.0463 
368 -0.695464 -0.259302 0.670144 -170.356 -0.0582056 0.949883 0.307138 2.48552 -0.7162 0.174597 -0.675702 -31.6252 
369 -0.696208 -0.260983 0.668716 -170.39 -0.0622159 0.95 0.305987 2.03948 -0.715138 0.171426 -0.677636 -32.4372 
370 -0.695894 -0.26343 0.668084 -170.378 -0.0645282 0.949465 0.307167 1.59344 -0.71524 0.170645 -0.677726 -33.5003 
371 -0.695636 -0.264649 0.667871 -170.36 -0.0640944 0.948828 0.309221 1.45867 -0.71553 0.172298 -0.677001 -34.5744 
372 -0.69557 -0.265224 0.667711 -170.352 -0.0624668 0.948173 0.311555 1.47256 -0.715738 0.174998 -0.676088 -35.6227 
373 -0.696117 -0.264304 0.667506 -170.35 -0.0602091 0.947984 0.312571 1.7331 -0.715399 0.177396 -0.675821 -36.8216 
374 -0.696276 -0.262712 0.667969 -170.364 -0.0575534 0.948049 0.312875 2.09709 -0.715463 0.179403 -0.675224 -37.5642 
375 -0.696397 -0.262268 0.668017 -170.362 -0.0566775 0.948023 0.313114 2.22193 -0.715415 0.18019 -0.675065 -38.5803 
376 -0.696485 -0.261732 0.668136 -170.364 -0.0558286 0.948049 0.313187 2.36118 -0.715397 0.180829 -0.674914 -39.5498 
377 -0.696657 -0.263612 0.667217 -170.374 -0.0570649 0.947458 0.31475 2.03932 -0.715131 0.181198 -0.675096 -40.5509 
378 -0.696717 -0.263439 0.667222 -170.37 -0.0562647 0.947329 0.315282 2.1258 -0.715136 0.182121 -0.674843 -41.5455 
379 -0.697043 -0.264054 0.666638 -170.368 -0.0558231 0.946885 0.31669 2.09244 -0.714853 0.183533 -0.67476 -42.7811 
381 -0.69761 -0.263605 0.666222 -170.408 -0.0550794 0.946837 0.316962 2.20129 -0.714357 0.184421 -0.675043 -44.3961 
382 -0.698216 -0.262566 0.665999 -170.433 -0.0549357 0.94722 0.315842 2.35103 -0.713777 0.183939 -0.675788 -45.3053 
383 -0.699097 -0.261871 0.665348 -170.477 -0.055032 0.947467 0.315085 2.42874 -0.712906 0.18366 -0.676782 -46.1418 
384 -0.69985 -0.26123 0.664807 -170.513 -0.0545851 0.947563 0.314874 2.53708 -0.712201 0.184076 -0.677411 -47.0046 
385 -0.700624 -0.261778 0.663776 -170.565 -0.0555329 0.947453 0.315038 2.39655 -0.711367 0.183862 -0.678345 -47.8693 
386 -0.701253 -0.262449 0.662846 -170.604 -0.0564996 0.947307 0.315306 2.24489 -0.71067 0.183658 -0.67913 -48.872 
387 -0.701806 -0.263238 0.661947 -170.627 -0.0580084 0.947252 0.315195 2.04996 -0.710002 0.182807 -0.680058 -49.7551 
388 -0.701641 -0.263948 0.661839 -170.623 -0.058348 0.947022 0.315825 1.94972 -0.710137 0.182979 -0.679871 -50.9372 
389 -0.701252 -0.267444 0.660847 -170.606 -0.0605969 0.945973 0.318532 1.37044 -0.710333 0.183326 -0.679572 -52.007 
390 -0.700562 -0.268889 0.660993 -170.555 -0.0616525 0.945634 0.319337 1.1512 -0.710924 0.182963 -0.679052 -53.1755 
391 -0.699696 -0.26992 0.66149 -170.481 -0.063137 0.945623 0.319077 0.96137 -0.711646 0.181492 -0.678691 -54.3072 
392 -0.698285 -0.271987 0.662133 -170.379 -0.0655093 0.945401 0.319259 0.577185 -0.712816 0.179558 -0.677977 -55.6975 
393 -0.696922 -0.271496 0.663769 -170.26 -0.0646718 0.945591 0.318865 0.764067 -0.714225 0.179297 -0.676561 -57.0424 
394 -0.696077 -0.270477 0.66507 -170.153 -0.0627091 0.945688 0.318969 1.10637 -0.715223 0.180321 -0.675233 -58.1706 
395 -0.695287 -0.268089 0.666862 -170.099 -0.0570106 0.945478 0.320656 1.89276 -0.716468 0.18493 -0.672663 -59.5203 
396 -0.694768 -0.26578 0.668325 -170.036 -0.0504037 0.944926 0.32338 2.76248 -0.717465 0.190989 -0.669901 -60.6776 
397 -0.694531 -0.265303 0.66876 -170.008 -0.0486972 0.944731 0.324209 2.99771 -0.717813 0.192607 -0.669065 -61.7415 
398 -0.694277 -0.265501 0.668946 -169.973 -0.0520198 0.94555 0.321294 2.71812 -0.717825 0.188269 -0.670285 -62.7638 
399 -0.694673 -0.265699 0.668456 -170.014 -0.055741 0.946371 0.318238 2.36547 -0.717163 0.183811 -0.672228 -63.738 
400 -0.694606 -0.265234 0.66871 -169.998 -0.0554008 0.946513 0.317874 2.46932 -0.717254 0.18375 -0.672148 -64.7682 
401 -0.69439 -0.266002 0.668629 -169.943 -0.0537846 0.945756 0.320395 2.56945 -0.717586 0.186517 -0.671031 -65.7648 
402 -0.694931 -0.265064 0.66844 -170.017 -0.0519021 0.945646 0.321029 2.84228 -0.717201 0.188399 -0.670916 -66.7007 
403 -0.695494 -0.263963 0.668291 -170.057 -0.0523771 0.946227 0.319234 2.92545 -0.716621 0.187022 -0.671921 -67.5895 
404 -0.696001 -0.263599 0.667906 -170.098 -0.0534096 0.946607 0.317936 2.87142 -0.716051 0.185611 -0.672918 -68.4806 
405 -0.696743 -0.26362 0.667123 -170.137 -0.053046 0.94641 0.318581 2.91195 -0.715356 0.186581 -0.673389 -69.2056 
406 -0.696907 -0.263462 0.667015 -170.173 -0.0497544 0.945597 0.321514 3.255 -0.715434 0.190878 -0.672101 -70.2494 
407 -0.697615 -0.262342 0.666716 -170.229 -0.0469039 0.945279 0.322874 3.66003 -0.714936 0.19397 -0.671746 -71.0779 
408 -0.698327 -0.26097 0.666509 -170.285 -0.0456746 0.945515 0.322359 3.93102 -0.71432 0.194669 -0.672198 -71.9089 
409 -0.698985 -0.259868 0.666249 -170.34 -0.0460919 0.946074 0.320655 4.00846 -0.713649 0.193425 -0.67327 -72.7493 
410 -0.699492 -0.259382 0.665907 -170.383 -0.0470771 0.946507 0.319229 3.96448 -0.713088 0.191949 -0.674285 -73.6141 
411 -0.699281 -0.261583 0.665267 -170.371 -0.0495046 0.946129 0.319983 3.50706 -0.713131 0.190824 -0.674559 -74.6204 
412 -0.698557 -0.263706 0.66519 -170.26 -0.0516142 0.945762 0.320733 3.11473 -0.713691 0.189717 -0.67428 -75.648 
413 -0.697976 -0.265333 0.665153 -170.243 -0.0528199 0.945372 0.321687 2.84568 -0.714171 0.189397 -0.673861 -76.8587 
414 -0.697433 -0.267163 0.66499 -170.192 -0.054004 0.944868 0.322967 2.56563 -0.714612 0.189336 -0.67341 -77.9281 
415 -0.696667 -0.268569 0.665226 -170.108 -0.0545249 0.944421 0.324185 2.4083 -0.71532 0.189578 -0.672591 -79.0674 
416 -0.69628 -0.267912 0.665896 -170.051 -0.0539117 0.944628 0.323683 2.57417 -0.715743 0.189474 -0.672169 -80.1611 
417 -0.695855 -0.268817 0.665975 -170.003 -0.055415 0.944639 0.323398 2.34685 -0.716041 0.188133 -0.672229 -81.2396 
418 -0.695449 -0.269242 0.666227 -169.952 -0.0566539 0.944809 0.322686 2.194 -0.716338 0.186667 -0.67232 -82.3007 
419 -0.695008 -0.268718 0.666899 -169.887 -0.0561572 0.944989 0.322246 2.33217 -0.716805 0.186513 -0.671865 -83.3747 
420 -0.694764 -0.265621 0.668392 -169.784 -0.0528054 0.945637 0.32091 3.04745 -0.717296 0.187662 -0.671021 -84.2462 
421 -0.694264 -0.265309 0.669036 -169.757 -0.0522146 0.945695 0.320835 3.17709 -0.717824 0.187811 -0.670414 -85.4863 
422 -0.693932 -0.265682 0.669232 -169.713 -0.0541935 0.946072 0.319392 2.93477 -0.717998 0.185368 -0.670908 -86.4984 
423 -0.693818 -0.264084 0.669982 -169.649 -0.0558944 0.947277 0.315502 2.89728 -0.717978 0.181453 -0.671999 -87.3686 
424 -0.692987 -0.264035 0.670861 -169.566 -0.0570163 0.94768 0.314088 2.79772 -0.718692 0.179409 -0.671784 -88.6247 
425 -0.692281 -0.26688 0.670464 -169.497 -0.058243 0.946732 0.316711 2.42548 -0.719273 0.180204 -0.670949 -89.6753 
426 -0.691871 -0.267672 0.670571 -169.443 -0.0579027 0.946321 0.318001 2.42809 -0.719695 0.181188 -0.670231 -90.6714 
427 -0.691999 -0.267928 0.670337 -169.455 -0.0582185 0.946263 0.318114 2.38452 -0.719547 0.181109 -0.670412 -91.5366 
428 -0.69194 -0.267723 0.670479 -169.391 -0.0586688 0.94648 0.317384 2.37313 -0.719567 0.180275 -0.670615 -92.2435 
429 -0.69203 -0.267434 0.670503 -169.439 -0.0583638 0.94653 0.317292 2.44857 -0.719506 0.180442 -0.670635 -93.3015 
430 -0.692108 -0.267727 0.670305 -169.447 -0.0586736 0.94646 0.317444 2.40086 -0.719405 0.180377 -0.670761 -94.1331 
431 -0.691915 -0.26874 0.670098 -169.423 -0.0591619 0.946125 0.318352 2.27669 -0.719551 0.180628 -0.670538 -95.0086 
432 -0.692099 -0.268715 0.669919 -169.439 -0.0593265 0.946156 0.318227 2.27311 -0.71936 0.180501 -0.670776 -95.7869 
433 -0.692211 -0.268349 0.669949 -169.425 -0.0585172 0.946113 0.318506 2.42823 -0.719319 0.18127 -0.670613 -96.5259 
435 -0.692321 -0.267755 0.670073 -169.44 -0.0547991 0.945435 0.321169 3.01271 -0.719506 0.185633 -0.669218 -98.1865 
436 -0.692294 -0.266962 0.670418 -169.421 -0.0531648 0.945396 0.321559 3.32756 -0.719654 0.186971 -0.668685 -98.8201 
437 -0.692923 -0.265033 0.670533 -169.482 -0.0508699 0.945643 0.321203 3.79521 -0.719215 0.188459 -0.66874 -99.6383 
438 -0.693593 -0.262892 0.670684 -169.552 -0.0487797 0.946034 0.320376 4.2591 -0.718713 0.189495 -0.668986 -100.265 
439 -0.694071 -0.261866 0.670591 -169.604 -0.0481974 0.94631 0.319649 4.42795 -0.718291 0.189538 -0.669427 -100.916 
440 -0.694965 -0.261927 0.66964 -169.726 -0.0481794 0.946163 0.320086 4.42447 -0.717428 0.190185 -0.670169 -101.42 
441 -0.695642 -0.260029 0.669677 -169.839 -0.0470161 0.946674 0.318745 4.73833 -0.716848 0.190247 -0.670772 -101.827 
443 -0.701659 -0.253976 0.665711 -170.589 -0.0454812 0.948373 0.313878 5.32484 -0.71106 0.189958 -0.676986 -101.981 
445 -0.714172 -0.245674 0.655441 -172.309 -0.0420117 0.94974 0.310207 6.21619 -0.698709 0.194005 -0.688599 -100.302 
447 -0.732011 -0.236679 0.63886 -174.79 -0.0379922 0.95044 0.308579 7.11072 -0.680232 0.201611 -0.704725 -97.0994 
449 -0.756929 -0.223021 0.614264 -178.219 -0.0324494 0.951632 0.305523 8.37324 -0.652691 0.211327 -0.727555 -91.7861 
451 -0.78826 -0.20883 0.578823 -182.481 -0.0283914 0.951993 0.3048 9.23068 -0.614687 0.223828 -0.756347 -84.0843 
453 -0.824045 -0.201029 0.529658 -187.378 -0.0310506 0.949546 0.312088 8.38481 -0.565673 0.240728 -0.78871 -73.7863 
455 -0.861808 -0.190387 0.470149 -192.071 -0.0350583 0.947026 0.319236 7.28501 -0.506022 0.258638 -0.82283 -61.5344 
457 -0.902167 -0.172528 0.395385 -196.679 -0.0380617 0.944802 0.325422 6.43123 -0.429706 0.278536 -0.858936 -45.6938 
459 -0.93714 -0.165141 0.307403 -200.541 -0.0574048 0.941886 0.33099 2.37384 -0.344199 0.292538 -0.89216 -27.7038 
461 -0.964435 -0.151791 0.216389 -201.821 -0.0739133 0.940881 0.330574 -0.879997 -0.253774 0.302823 -0.918639 -10.1872 
463 -0.984923 -0.123104 0.121542 -201.784 -0.07671 0.940516 0.330977 -1.44091 -0.155056 0.316663 -0.935779 9.2993 
465 -0.994654 -0.100172 0.0250705 -200.173 -0.0859566 0.937736 0.336546 -3.50073 -0.0572218 0.332592 -0.941333 28.9028 
