0 1 -1.51754e-07 1.01057e-05 -2.50231e-05 1.51777e-07 1 -2.24386e-06 1.02335e-06 -1.01057e-05 2.24386e-06 1 -3.32126e-05 
7 0.999916 0.00700257 0.0108748 -0.00375318 -0.00707776 0.999951 0.00689144 0.0601663 -0.010826 -0.00696783 0.999917 -3.98261 
9 0.999901 0.00461254 0.0133098 -0.00323524 -0.00479051 0.999899 0.013371 0.0522124 -0.0132468 -0.0134335 0.999822 -5.1954 
11 0.999875 0.00136365 0.0157428 -0.00395351 -0.00163261 0.999853 0.0170842 0.0390097 -0.0157172 -0.0171078 0.99973 -6.4321 
13 0.999841 -0.00181761 0.0177231 -0.00536151 0.00182029 0.999998 -0.000135034 0.173653 -0.0177228 0.000167274 0.999843 -7.74527 
15 0.999795 -0.00488042 0.0196745 -0.0039165 0.00499866 0.99997 -0.00596509 0.257943 -0.0196448 0.00606221 0.999789 -9.11688 
17 0.999744 -0.00712813 0.0214825 -0.0108076 0.00696908 0.999948 0.0074694 0.130136 -0.0215346 -0.00731777 0.999741 -10.5082 
19 0.999722 -0.00387132 0.0232419 -0.0286774 0.00395408 0.999986 -0.00351608 0.262707 -0.023228 0.003607 0.999724 -12.0211 
21 0.999705 -0.00245358 0.024162 -0.0309866 0.00277861 0.999906 -0.0134278 0.412176 -0.0241268 0.0134909 0.999618 -13.5914 
22 0.999701 -0.0005306 0.0244263 -0.0325003 0.000833645 0.999923 -0.012398 0.407689 -0.0244179 0.0124147 0.999625 -14.4041 
23 0.999711 -0.0002292 0.0240347 -0.0255862 0.000468444 0.99995 -0.00994898 0.379133 -0.0240312 0.00995736 0.999662 -15.2271 
24 0.999721 -0.00286551 0.0234373 -0.010599 0.00302026 0.999974 -0.00656977 0.335758 -0.0234179 0.00663872 0.999704 -16.071 
25 0.999748 0.000277071 0.0224641 0.00531089 -0.000251707 0.999999 -0.00113194 0.254771 -0.0224644 0.001126 0.999747 -16.9338 
26 0.999755 0.0030114 0.0219166 0.0138066 -0.00312458 0.999982 0.00513186 0.152636 -0.0219007 -0.00519908 0.999747 -17.8158 
27 0.999781 0.00172714 0.0208651 0.0355966 -0.00194911 0.999942 0.0106226 0.0569539 -0.0208456 -0.010661 0.999726 -18.7113 
28 0.999787 0.000334404 0.0206522 0.0459694 -0.000571858 0.999934 0.0114929 0.0473006 -0.0206469 -0.0115023 0.999721 -19.631 
29 0.999783 0.000136173 0.020841 0.0460001 -0.000363295 0.999941 0.0108944 0.0694903 -0.0208382 -0.0108996 0.999723 -20.5635 
30 0.999782 -0.00152699 0.0208211 0.0516498 0.0012728 0.999925 0.0122162 0.0555406 -0.0208382 -0.012187 0.999709 -21.5111 
31 0.999776 -0.00442208 0.020687 0.0649399 0.0041239 0.999887 0.0144346 0.0165106 -0.0207485 -0.0143461 0.999682 -22.4716 
32 0.999751 -0.00798612 0.0208127 0.0713166 0.0076686 0.999854 0.0152914 0.00787697 -0.0209318 -0.015128 0.999666 -23.4389 
33 0.999738 -0.00967819 0.0207418 0.0807909 0.00936408 0.999841 0.015188 0.024892 -0.0208855 -0.0149898 0.999669 -24.4216 
34 0.999728 -0.0104261 0.0208699 0.085911 0.0101066 0.999831 0.0153527 0.0340363 -0.0210265 -0.0151375 0.999664 -25.4127 
36 0.999704 -0.0114532 0.0214512 0.0810182 0.0111516 0.999838 0.0141253 0.0947471 -0.0216095 -0.0138819 0.99967 -27.4114 
37 0.999692 -0.0120685 0.0216857 0.0816314 0.0118058 0.999856 0.0122015 0.16265 -0.0218299 -0.0119417 0.99969 -28.4289 
38 0.999677 -0.0126935 0.0220359 0.0755001 0.0124528 0.999862 0.0110283 0.213335 -0.0221729 -0.0107503 0.999696 -29.4539 
39 0.999677 -0.0126036 0.0220494 0.0836678 0.01234 0.999851 0.0120496 0.199232 -0.022198 -0.0117736 0.999684 -30.4911 
40 0.999656 -0.0139168 0.0222517 0.0813486 0.0136293 0.999822 0.0130193 0.183358 -0.022429 -0.0127116 0.999668 -31.5276 
41 0.999652 -0.0135901 0.0226128 0.0737873 0.0133198 0.999839 0.0120628 0.227122 -0.0227731 -0.0117574 0.999672 -32.5676 
42 0.999648 -0.0128298 0.0232255 0.0581263 0.012615 0.999876 0.00937445 0.331016 -0.0233429 -0.00907816 0.999686 -33.6144 
43 0.999631 -0.0131447 0.0237832 0.0461077 0.0130118 0.999899 0.00573664 0.47243 -0.0238562 -0.00542506 0.999701 -34.6776 
44 0.999618 -0.0133186 0.0242024 0.0400928 0.0132387 0.999906 0.00346059 0.570759 -0.0242463 -0.00313887 0.999701 -35.7542 
45 0.999602 -0.0132811 0.024891 0.0170922 0.0132116 0.999908 0.0029559 0.607134 -0.024928 -0.00262588 0.999686 -36.8392 
46 0.999593 -0.0129287 0.0254364 0.00199047 0.0128189 0.999908 0.00447445 0.565814 -0.0254919 -0.00414656 0.999666 -37.9245 
47 0.999571 -0.0133752 0.0260537 -0.0177299 0.0132485 0.9999 0.00503169 0.559539 -0.0261183 -0.00468436 0.999648 -39.0223 
48 0.999554 -0.0131034 0.0268328 -0.0448915 0.0130064 0.999908 0.00378466 0.627048 -0.0268799 -0.00343398 0.999633 -40.1128 
49 0.999532 -0.0129525 0.0276981 -0.0738875 0.0129066 0.999915 0.00183574 0.725398 -0.0277195 -0.00147739 0.999615 -41.2088 
50 0.999514 -0.013041 0.0283285 -0.0943057 0.013068 0.999914 -0.000765458 0.856729 -0.0283161 0.00113528 0.999598 -42.2973 
51 0.999483 -0.0142998 0.0287967 -0.105477 0.0143202 0.999897 -0.000505238 0.869985 -0.0287865 0.000917352 0.999585 -43.3864 
52 0.999455 -0.0155611 0.029129 -0.111662 0.0154712 0.999875 0.00330844 0.724869 -0.0291768 -0.00285597 0.99957 -44.4777 
53 0.99943 -0.0169685 0.0291782 -0.109358 0.0167625 0.999833 0.00729095 0.565393 -0.029297 -0.0067977 0.999548 -45.567 
54 0.999422 -0.0174702 0.0291471 -0.0936162 0.0172529 0.999822 0.0076918 0.562046 -0.0292763 -0.00718449 0.999546 -46.656 
55 0.999418 -0.0179535 0.0289933 -0.0814951 0.017818 0.999829 0.00492521 0.714758 -0.0290768 -0.00440575 0.999567 -47.7581 
56 0.999412 -0.0186933 0.0287279 -0.062595 0.0186182 0.999823 0.00287791 0.835004 -0.0287766 -0.00234136 0.999583 -48.854 
57 0.999437 -0.0171974 0.0288045 -0.0577548 0.0171583 0.999851 0.00160343 0.915754 -0.0288278 -0.00110829 0.999584 -49.9466 
58 0.999452 -0.0171912 0.0282768 -0.0229647 0.0171278 0.99985 0.00248219 0.893863 -0.0283152 -0.00199651 0.999597 -51.0447 
59 0.999475 -0.0165906 0.0278428 0.00739108 0.0164796 0.999855 0.00421359 0.821531 -0.0279087 -0.00375254 0.999603 -52.1442 
60 0.999481 -0.0166352 0.0276017 0.0262359 0.0164605 0.999843 0.00654487 0.714481 -0.0277062 -0.00608713 0.999598 -53.2348 
61 0.999501 -0.0156723 0.0274186 0.0394778 0.0154375 0.999842 0.00875639 0.617839 -0.0275515 -0.00832874 0.999586 -54.324 
62 0.999528 -0.0142606 0.0272285 0.0601415 0.013938 0.999831 0.0120022 0.458921 -0.0273951 -0.011617 0.999557 -55.4112 
63 0.999558 -0.0126351 0.0269101 0.0867137 0.0122685 0.99983 0.0137466 0.375864 -0.0270793 -0.0134104 0.999543 -56.5042 
64 0.999581 -0.010991 0.0267804 0.101767 0.0106869 0.999877 0.0114725 0.519809 -0.0269032 -0.0111815 0.999576 -57.6018 
65 0.999599 -0.00950961 0.0266772 0.109729 0.00936431 0.999941 0.00556622 0.879871 -0.0267285 -0.00531417 0.999629 -58.6925 
66 0.999614 -0.00829314 0.0265074 0.121831 0.0083055 0.999965 -0.00035607 1.24936 -0.0265035 0.00057609 0.999649 -59.8139 
67 0.999635 -0.00626425 0.0262838 0.138533 0.00629766 0.999979 -0.0011886 1.31852 -0.0262758 0.00135369 0.999654 -60.9181 
68 0.999656 -0.00322987 0.0260388 0.16119 0.00318608 0.999993 0.00172283 1.15455 -0.0260442 -0.00163928 0.999659 -62.0288 
69 0.999662 -0.00198371 0.0259174 0.174974 0.00185513 0.999986 0.00498424 0.964402 -0.0259269 -0.00493448 0.999652 -63.1393 
70 0.999652 -0.00404303 0.0260801 0.168954 0.00381106 0.999953 0.00893817 0.738063 -0.0261151 -0.00883566 0.99962 -64.2495 
71 0.999656 -0.00444187 0.0258378 0.192806 0.00410043 0.999904 0.0132527 0.475757 -0.0258942 -0.0131422 0.999578 -65.351 
72 0.999655 -0.00752228 0.0251702 0.241956 0.0071724 0.999877 0.0139621 0.449786 -0.0252721 -0.0137768 0.999586 -66.4599 
73 0.999646 -0.0113347 0.0240716 0.328261 0.0110859 0.999884 0.010444 0.711816 -0.0241872 -0.0101734 0.999656 -67.5751 
74 0.999629 -0.0129694 0.0239444 0.343189 0.0127716 0.999883 0.00839688 0.874955 -0.0240505 -0.00808796 0.999678 -68.6895 
75 0.999631 -0.0124301 0.0241395 0.338295 0.012249 0.999896 0.00763479 0.945055 -0.0242319 -0.00733629 0.999679 -69.8012 
76 0.999651 -0.0109367 0.0240477 0.352394 0.0107761 0.999919 0.00679866 1.02077 -0.0241201 -0.00653715 0.999688 -70.9156 
77 0.999652 -0.00982792 0.0244843 0.328461 0.00969733 0.999938 0.00544688 1.1364 -0.0245364 -0.00520755 0.999685 -72.029 
78 0.999659 -0.00831142 0.0247392 0.313803 0.00823415 0.999961 0.00322358 1.31531 -0.024765 -0.00301878 0.999689 -73.1341 
79 0.999647 -0.00715575 0.0255964 0.25441 0.00711978 0.999974 0.00149609 1.4649 -0.0256064 -0.00131332 0.999671 -74.2311 
80 0.999645 -0.00636959 0.0258682 0.246207 0.00630292 0.999977 0.0026582 1.39999 -0.0258845 -0.00249421 0.999662 -75.335 
81 0.99963 -0.00684198 0.0263258 0.218293 0.00667544 0.999957 0.00640903 1.1389 -0.0263685 -0.00623092 0.999633 -76.4411 
82 0.999612 -0.00754901 0.0268162 0.187478 0.00732071 0.999936 0.00860128 0.988398 -0.0268794 -0.00840163 0.999603 -77.5497 
83 0.999578 -0.00963732 0.0274101 0.147389 0.00944846 0.999931 0.0070111 1.13775 -0.0274757 -0.00674915 0.9996 -78.663 
84 0.999547 -0.0103348 0.0282622 0.0836793 0.0102598 0.999943 0.00279677 1.49316 -0.0282895 -0.00250554 0.999597 -79.7197 
85 0.999521 -0.0117764 0.0286135 0.059432 0.0118174 0.999929 -0.00126545 1.8481 -0.0285966 0.00160298 0.99959 -80.841 
86 0.999492 -0.0126225 0.0292628 0.0118202 0.0126859 0.999918 -0.00198241 1.93328 -0.0292353 0.00235263 0.99957 -81.9185 
88 0.999449 -0.012651 0.0306739 -0.0951844 0.012625 0.99992 0.00103945 1.72453 -0.0306846 -0.000651618 0.999529 -84.0696 
89 0.99945 -0.0119853 0.0309141 -0.10567 0.0119577 0.999928 0.00107987 1.74392 -0.0309248 -0.00070962 0.999521 -85.1381 
90 0.999439 -0.0108161 0.0317039 -0.172375 0.0108005 0.999941 0.000664667 1.79852 -0.0317092 -0.000321878 0.999497 -86.1918 
91 0.999424 -0.00960737 0.0325491 -0.236078 0.00963564 0.999953 -0.000711846 1.93636 -0.0325407 0.00102507 0.99947 -87.2177 
92 0.99941 -0.00961148 0.0329842 -0.261819 0.00973097 0.999947 -0.00346402 2.20256 -0.0329492 0.00378295 0.99945 -88.2173 
94 0.999313 -0.00762999 0.0362758 -0.543492 0.00780666 0.999958 -0.004731 2.36148 -0.0362382 0.00501094 0.999331 -90.1989 
95 0.999195 -0.00681166 0.0395356 -0.830947 0.00696971 0.999968 -0.00386126 2.30504 -0.039508 0.00413371 0.999211 -91.1462 
96 0.999052 -0.00673393 0.0430068 -1.14229 0.00687214 0.999972 -0.0030666 2.2541 -0.0429849 0.00335924 0.99907 -92.0698 
97 0.998919 -0.00665899 0.0459948 -1.41129 0.00681702 0.999971 -0.00327984 2.29302 -0.0459717 0.00358985 0.998936 -92.9833 
98 0.998787 -0.00769869 0.0486324 -1.64785 0.00792432 0.999959 -0.00444829 2.42972 -0.0485961 0.00482827 0.998807 -93.8546 
99 0.998626 -0.00857775 0.0516903 -1.92835 0.00887437 0.999945 -0.00551149 2.55641 -0.0516402 0.00596264 0.998648 -94.7089 
100 0.998457 -0.00948916 0.0547139 -2.21078 0.00988287 0.999927 -0.00692983 2.71462 -0.0546441 0.00745987 0.998478 -95.5364 
101 0.998284 -0.0109997 0.0575238 -2.47604 0.0114567 0.999905 -0.00762021 2.80657 -0.0574346 0.00826617 0.998315 -96.3365 
102 0.99811 -0.0130222 0.0600577 -2.7151 0.0135259 0.999877 -0.00798715 2.87021 -0.0599463 0.00878439 0.998163 -97.1067 
103 0.997918 -0.0149728 0.0627306 -2.96955 0.0154269 0.999858 -0.00676155 2.78003 -0.0626204 0.00771522 0.998008 -97.8496 
105 0.997527 -0.0191303 0.0676353 -3.44041 0.0191128 0.999817 0.000905986 2.0738 -0.0676403 0.000388954 0.99771 -99.2464 
107 0.997242 -0.0231676 0.0705089 -3.72033 0.0228895 0.999727 0.00474855 1.73033 -0.0705997 -0.00312153 0.9975 -100.517 
109 0.997344 -0.0292329 0.0667166 -3.33329 0.0290928 0.999572 0.00306985 1.95135 -0.0667778 -0.00112072 0.997767 -101.698 
111 0.99802 -0.0325173 0.0538344 -2.01583 0.0325911 0.999469 -0.000492545 2.35544 -0.0537898 0.00224609 0.99855 -102.798 
113 0.998975 -0.031677 0.0323192 0.195589 0.0318414 0.999482 -0.00458485 2.79535 -0.0321573 0.00560924 0.999467 -103.746 
115 0.999512 -0.0309732 0.0041431 3.10924 0.0309929 0.999508 -0.00477483 2.84283 -0.00399317 0.00490091 0.99998 -104.644 
117 0.998964 -0.0290209 -0.0350499 7.19301 0.0291033 0.999575 0.00184348 2.1642 0.0349815 -0.00286164 0.999384 -105.305 
119 0.995967 -0.0239809 -0.0864568 12.5845 0.0248136 0.999655 0.00856869 1.45294 0.0862216 -0.0106794 0.996219 -105.613 
121 0.988724 -0.0179345 -0.148669 19.1505 0.01985 0.999738 0.0114105 1.14617 0.148426 -0.0142329 0.988821 -105.399 
123 0.974866 -0.0106576 -0.222539 26.9847 0.0141103 0.999803 0.0139308 0.87244 0.222347 -0.0167207 0.974824 -104.423 
125 0.95259 -0.00744591 -0.304166 35.6755 0.012886 0.999791 0.0158818 0.677669 0.303984 -0.0190484 0.952487 -102.514 
127 0.919596 -0.00794512 -0.392785 45.1498 0.0144515 0.999803 0.0136104 0.942756 0.3926 -0.0181924 0.919529 -99.4256 
129 0.875864 -0.00475049 -0.482535 54.8037 0.0130569 0.999819 0.0138569 0.927482 0.482382 -0.0184371 0.875767 -95.1594 
131 0.822873 -0.00242749 -0.56822 64.0569 0.0157344 0.999705 0.0185152 0.44162 0.568007 -0.0241763 0.822669 -89.8851 
133 0.757123 -0.00685292 -0.653237 73.284 0.0264145 0.999448 0.0201303 0.288419 0.652738 -0.0324961 0.756886 -83.2199 
135 0.682314 -0.00728126 -0.731023 81.7732 0.0313129 0.999324 0.0192728 0.398893 0.730389 -0.0360405 0.68208 -75.6257 
136 0.638806 -0.00309037 -0.769362 85.9976 0.0283446 0.999408 0.0195202 0.370018 0.768846 -0.0342769 0.638515 -71.1151 
137 0.596654 -0.00179895 -0.802497 89.6416 0.0266682 0.99949 0.0175872 0.593732 0.802055 -0.0318946 0.596398 -66.8202 
138 0.549958 -0.00118607 -0.835191 93.271 0.0250973 0.999571 0.0151066 0.877032 0.834815 -0.0292691 0.549752 -61.9891 
139 0.499577 0.000860432 -0.866269 96.7473 0.022467 0.99965 0.0139496 1.0125 0.865978 -0.0264313 0.499383 -56.7465 
141 0.396536 0.000811782 -0.918019 102.589 0.0190512 0.999777 0.00911318 1.57592 0.917822 -0.021103 0.396432 -46.0633 
143 0.295192 -0.003134 -0.955433 106.912 0.0286216 0.999575 0.00556417 1.96932 0.955009 -0.0289885 0.295156 -35.6214 
145 0.207074 0.00553355 -0.97831 109.674 0.0303288 0.999467 0.0120728 1.24434 0.977855 -0.0321709 0.206796 -26.657 
147 0.141197 0.0181607 -0.989815 111.18 0.0315939 0.99924 0.0228405 0.0275785 0.989477 -0.0344971 0.140516 -20.2116 
149 0.0877847 0.0104732 -0.996084 112.077 0.0265776 0.999564 0.012852 1.18865 0.995785 -0.0276017 0.0874681 -15.3671 
151 0.040889 0.00958543 -0.999118 112.687 0.0199541 0.999747 0.0104081 1.52252 0.998964 -0.0203621 0.0406874 -11.185 
153 0.00314018 0.0227597 -0.999736 113.013 0.0230241 0.999474 0.0228261 0.113558 0.99973 -0.0230897 0.00261451 -8.15244 
155 -0.0218141 0.0208134 -0.999545 113.179 0.0333433 0.999242 0.0200794 0.335923 0.999206 -0.0328901 -0.0224916 -6.69169 
157 -0.0303078 0.0293931 -0.999108 113.22 0.0299438 0.999146 0.0284859 -0.569618 0.999092 -0.0290537 -0.0311621 -7.12161 
159 -0.0284971 0.0295735 -0.999156 113.212 0.0277485 0.9992 0.0287834 -0.563335 0.999209 -0.0269049 -0.029295 -8.86272 
161 -0.0252119 0.0248879 -0.999372 113.196 0.0292093 0.999282 0.0241487 -0.0426598 0.999255 -0.0285821 -0.0259207 -10.8309 
163 -0.0234313 0.0242354 -0.999432 113.188 0.0294614 0.999289 0.0235412 0.0369468 0.999291 -0.0288931 -0.0241287 -12.6737 
165 -0.0226973 0.0236126 -0.999463 113.192 0.0267867 0.999376 0.0230022 0.157382 0.999383 -0.0262502 -0.0233157 -14.4529 
167 -0.0242015 0.0220879 -0.999463 113.222 0.022903 0.999506 0.0215343 0.420495 0.999445 -0.0223695 -0.0246954 -16.0581 
169 -0.026174 0.0237551 -0.999375 113.249 0.0195989 0.999538 0.0232456 0.319495 0.999465 -0.0189782 -0.0266275 -17.5645 
171 -0.0300792 0.0217988 -0.99931 113.325 0.0167585 0.999633 0.0213014 0.623828 0.999407 -0.0161062 -0.0304334 -18.8483 
173 -0.0308555 0.0207492 -0.999308 113.347 0.0260765 0.999461 0.0199472 0.594794 0.999184 -0.025443 -0.0313799 -20.608 
175 -0.0335234 0.0173524 -0.999287 113.415 0.0255497 0.999537 0.0164997 1.01072 0.999111 -0.0249784 -0.0339513 -22.1829 
177 -0.0345399 0.0129946 -0.999319 113.442 0.0157926 0.999798 0.0124549 1.7576 0.999279 -0.0153516 -0.0347382 -23.8722 
179 -0.0353975 0.00661615 -0.999351 113.467 0.00903102 0.999939 0.00630016 2.68711 0.999333 -0.00880215 -0.0354551 -25.6491 
181 -0.0336446 0.0117983 -0.999364 113.436 0.0269447 0.999578 0.0108937 1.653 0.999071 -0.0265611 -0.0339483 -27.6468 
183 -0.0318876 0.0153046 -0.999374 113.406 0.0269762 0.999532 0.0144462 1.26831 0.999127 -0.0264986 -0.0322856 -29.6051 
185 -0.0293977 0.0196587 -0.999374 113.345 0.015945 0.999689 0.0191958 1.14466 0.999441 -0.0153707 -0.029702 -31.7018 
187 -0.0313016 0.0156563 -0.999387 113.408 0.017624 0.999731 0.0151097 1.57412 0.999355 -0.0171403 -0.0315691 -33.1807 
188 -0.0322138 0.0132856 -0.999393 113.44 0.0174956 0.999766 0.0127266 1.86601 0.999328 -0.017075 -0.0324387 -33.9883 
189 -0.0353067 0.0136492 -0.999283 113.548 0.0175649 0.999761 0.0130352 1.84641 0.999222 -0.0170921 -0.035538 -34.4708 
190 -0.0371619 0.012328 -0.999233 113.61 0.0178515 0.999773 0.0116708 2.0105 0.99915 -0.0174041 -0.0373736 -35.1341 
191 -0.0393496 0.010714 -0.999168 113.688 0.018334 0.999782 0.00999851 2.19436 0.999057 -0.0179253 -0.0395375 -35.7617 
192 -0.0413421 0.00888461 -0.999106 113.758 0.0173055 0.999817 0.00817485 2.45598 0.998995 -0.016952 -0.0414883 -36.404 
193 -0.0434387 0.00960072 -0.99901 113.841 0.0163464 0.999827 0.0088978 2.42877 0.998922 -0.0159437 -0.0435881 -37.0238 
194 -0.0452935 0.00934641 -0.99893 113.917 0.016254 0.999831 0.00861785 2.48501 0.998841 -0.0158463 -0.0454377 -37.6612 
195 -0.0467999 0.00913271 -0.998863 113.975 0.0171385 0.999818 0.00833846 2.4923 0.998757 -0.0167288 -0.0469479 -38.3199 
196 -0.0471389 0.00908869 -0.998847 113.996 0.0172653 0.999817 0.00828271 2.5062 0.998739 -0.016855 -0.0472872 -39.0119 
197 -0.0489749 0.0111513 -0.998738 114.073 0.0160093 0.999818 0.0103783 2.34694 0.998672 -0.0154808 -0.0491445 -39.6466 
198 -0.050044 0.0113823 -0.998682 114.118 0.0154102 0.999825 0.0106231 2.36331 0.998628 -0.0148583 -0.0502107 -40.294 
200 -0.0523618 0.008313 -0.998594 114.221 0.0139873 0.999873 0.00759022 2.80471 0.99853 -0.0135702 -0.0524715 -41.7092 
202 -0.0539027 0.00767689 -0.998517 114.292 0.0126019 0.999896 0.00700721 2.96682 0.998467 -0.0122055 -0.0539939 -42.961 
203 -0.0542252 0.00767337 -0.998499 114.312 0.0151286 0.999862 0.00686226 2.87531 0.998414 -0.0147338 -0.0543338 -43.6725 
204 -0.0541683 0.0077111 -0.998502 114.311 0.0178322 0.999818 0.00675388 2.76823 0.998373 -0.0174396 -0.0542959 -44.4013 
205 -0.0546148 0.00575495 -0.998491 114.337 0.0194964 0.999799 0.00469609 2.92609 0.998317 -0.0192105 -0.054716 -45.105 
206 -0.0547189 0.00631194 -0.998482 114.349 0.0203505 0.999779 0.00520489 2.83961 0.998294 -0.0200348 -0.0548353 -45.8145 
207 -0.054558 0.00773887 -0.998481 114.348 0.0201304 0.999775 0.00664895 2.70431 0.998308 -0.0197371 -0.0547015 -46.5531 
208 -0.0547712 0.00834919 -0.998464 114.364 0.0197314 0.999779 0.00727781 2.66739 0.998304 -0.0193025 -0.0549238 -47.2531 
209 -0.0549939 0.00434039 -0.998477 114.367 0.0195927 0.999803 0.00326703 3.13747 0.998294 -0.0193832 -0.0550681 -47.9571 
210 -0.0547351 0.00198223 -0.998499 114.354 0.0198459 0.999803 0.000896924 3.404 0.998304 -0.019767 -0.0547636 -48.7292 
211 -0.0546425 0.00418722 -0.998497 114.36 0.0185615 0.999823 0.00317701 3.23488 0.998333 -0.01836 -0.0547105 -49.4464 
212 -0.0558313 0.0046759 -0.998429 114.419 0.0180832 0.99983 0.00367127 3.21782 0.998276 -0.0178498 -0.0559064 -49.8573 
214 -0.0643754 -0.00260674 -0.997922 114.838 0.0166518 0.999855 -0.00368599 4.15183 0.997787 -0.0168545 -0.0643227 -50.4332 
216 -0.0767572 0.00331611 -0.997044 115.48 0.0233946 0.999725 0.00152399 3.19977 0.996775 -0.0232085 -0.0768137 -50.3736 
218 -0.0904619 -0.00139102 -0.995899 116.154 0.0241551 0.999702 -0.00359045 3.74358 0.995607 -0.0243808 -0.0904013 -50.1741 
220 -0.100811 -0.00409775 -0.994897 116.664 0.0233428 0.999707 -0.00648284 4.13888 0.994632 -0.0238772 -0.100686 -50.359 
222 -0.107382 -0.00552692 -0.994202 116.994 0.0196981 0.999776 -0.00768546 4.5175 0.994023 -0.0204092 -0.107249 -51.0071 
224 -0.110861 -0.00404658 -0.993828 117.177 0.0140951 0.999885 -0.00564354 4.67192 0.993736 -0.0146337 -0.110791 -52.0574 
226 -0.112782 -0.00292056 -0.993615 117.305 0.0174218 0.999836 -0.00491635 4.39564 0.993467 -0.0178651 -0.112713 -53.3431 
227 -0.113046 0.00296222 -0.993585 117.343 0.0214555 0.99977 0.000539547 3.53387 0.993358 -0.0212569 -0.113083 -54.0643 
228 -0.113522 0.0103933 -0.993481 117.391 0.0263405 0.999625 0.00744776 2.45442 0.993186 -0.0253233 -0.113753 -54.7557 
229 -0.114381 0.0110761 -0.993375 117.441 0.0276722 0.999585 0.00795907 2.31358 0.993051 -0.0265785 -0.11464 -55.4195 
230 -0.114508 0.00876867 -0.993384 117.433 0.0253957 0.99966 0.00589668 2.706 0.993098 -0.0245525 -0.114692 -56.0952 
231 -0.114276 0.00958955 -0.993403 117.438 0.0205559 0.999762 0.00728629 2.9064 0.993236 -0.0195876 -0.114446 -56.965 
232 -0.114325 0.0115642 -0.993376 117.446 0.0187038 0.99978 0.00948615 2.80812 0.993267 -0.0174954 -0.114516 -57.7213 
233 -0.115196 0.0115994 -0.993275 117.498 0.0181492 0.999789 0.00957058 2.85391 0.993177 -0.0169246 -0.115383 -58.3901 
234 -0.117052 0.0101491 -0.993074 117.609 0.0190385 0.999787 0.00797372 2.98006 0.992943 -0.0179733 -0.11722 -58.9531 
235 -0.119223 0.00950759 -0.992822 117.739 0.01968 0.99978 0.00721095 3.03047 0.992672 -0.018679 -0.119384 -59.4672 
236 -0.121289 0.010846 -0.992558 117.872 0.0198544 0.999767 0.00849865 2.89349 0.992419 -0.0186758 -0.121476 -59.9984 
237 -0.122984 0.0110124 -0.992348 117.98 0.0199479 0.999764 0.00862253 2.88557 0.992208 -0.0187348 -0.123174 -60.5945 
238 -0.125015 0.0104522 -0.9921 118.105 0.0195979 0.999775 0.00806353 2.98533 0.991961 -0.018435 -0.125192 -61.1378 
240 -0.128137 0.00885108 -0.991717 118.3 0.0215208 0.99975 0.00614213 3.07514 0.991523 -0.0205556 -0.128295 -62.2643 
242 -0.129992 0.00695846 -0.991491 118.417 0.0220466 0.999748 0.00412593 3.27536 0.99127 -0.0213227 -0.130113 -63.6658 
244 -0.132287 0.00491829 -0.991199 118.566 0.0178464 0.999837 0.00257935 3.80255 0.991051 -0.0173481 -0.132353 -64.9702 
246 -0.136399 0.00359866 -0.990647 118.845 0.0153136 0.999882 0.00152373 4.14878 0.990536 -0.0149625 -0.136438 -66.0736 
248 -0.140117 0.00421467 -0.990126 119.1 0.0173601 0.999848 0.00179935 3.97343 0.989983 -0.0169366 -0.140169 -67.2531 
250 -0.142075 0.00785212 -0.989825 119.252 0.0249858 0.999678 0.00434395 3.07982 0.989541 -0.0241144 -0.142225 -68.7976 
252 -0.14286 0.0111489 -0.98968 119.327 0.0299039 0.999529 0.00694319 2.39615 0.989291 -0.0286034 -0.143126 -70.2983 
254 -0.142126 0.0153642 -0.989729 119.29 0.0274424 0.999556 0.011576 2.13546 0.989468 -0.0255153 -0.142485 -72.0778 
255 -0.141408 0.0145853 -0.989844 119.239 0.0258946 0.999604 0.0110298 2.34314 0.989613 -0.0240719 -0.14173 -73.0315 
256 -0.139778 0.0133774 -0.990093 119.122 0.0234434 0.999673 0.0101972 2.66515 0.989905 -0.0217858 -0.140046 -74.0986 
257 -0.137969 0.0143209 -0.990333 119.001 0.0202473 0.999727 0.0116359 2.81892 0.99023 -0.0184462 -0.138222 -75.2692 
258 -0.136399 0.0144981 -0.990548 118.878 0.0168567 0.999782 0.012312 3.06559 0.990511 -0.0150181 -0.136613 -76.2509 
259 -0.13472 0.0129137 -0.9908 118.749 0.0167234 0.999802 0.0107571 3.26293 0.990743 -0.0151204 -0.13491 -77.3427 
260 -0.133015 0.0139935 -0.991015 118.622 0.0209556 0.999717 0.0113036 2.82844 0.990892 -0.0192637 -0.13327 -78.4378 
261 -0.131183 0.0146545 -0.99125 118.485 0.0272679 0.999566 0.0111688 2.26136 0.990983 -0.0255641 -0.131525 -79.5591 
262 -0.129507 0.0125083 -0.9915 118.348 0.0307185 0.999491 0.00859675 2.21769 0.991103 -0.029344 -0.129825 -80.6724 
263 -0.127915 0.0114958 -0.991718 118.219 0.0281251 0.999573 0.00795917 2.54815 0.991386 -0.026874 -0.128184 -81.7822 
264 -0.127005 0.0119469 -0.99183 118.148 0.0255419 0.999635 0.00877028 2.72731 0.991573 -0.0242194 -0.127263 -82.8262 
266 -0.125515 0.012258 -0.992016 118.032 0.0236982 0.999675 0.00935421 2.87647 0.991809 -0.0223349 -0.125765 -84.8143 
267 -0.125108 0.0114826 -0.992077 118.016 0.0237071 0.999682 0.00858096 2.97332 0.99186 -0.0224457 -0.12534 -85.7017 
269 -0.123082 0.0164271 -0.992261 117.842 0.0211247 0.99968 0.0139296 2.69799 0.992172 -0.0192468 -0.123389 -87.787 
271 -0.121557 0.0191879 -0.992399 117.723 0.024578 0.999565 0.016316 2.12478 0.99228 -0.0224079 -0.121975 -89.7429 
273 -0.120363 0.0114373 -0.992664 117.6 0.0216764 0.999726 0.00889033 3.24635 0.992493 -0.0204473 -0.120578 -91.6672 
275 -0.121947 0.00313732 -0.992532 117.724 0.0198309 0.999803 0.000723775 4.34246 0.992338 -0.0195946 -0.121985 -93.2443 
277 -0.12411 -0.000584113 -0.992268 117.933 0.0272206 0.999621 -0.00399313 4.07138 0.991895 -0.0275057 -0.124048 -94.6843 
279 -0.124667 0.00137478 -0.992198 117.997 0.0267525 0.99964 -0.00197629 3.94424 0.991838 -0.0267902 -0.124659 -96.3748 
281 -0.125515 0.00398716 -0.992084 118.099 0.0305235 0.999534 0.000155389 3.33489 0.991622 -0.0302624 -0.125578 -97.9669 
283 -0.127095 0.00153517 -0.991889 118.251 0.0322731 0.999476 -0.00258836 3.45436 0.991365 -0.0323403 -0.127078 -99.4662 
284 -0.129773 -0.000112793 -0.991544 118.519 0.0310721 0.999508 -0.00418042 3.77521 0.991057 -0.0313518 -0.129706 -99.9354 
285 -0.133009 -0.000234998 -0.991115 118.847 0.0318726 0.999482 -0.00451432 3.73525 0.990602 -0.0321899 -0.132932 -100.401 
286 -0.136185 -0.000679086 -0.990683 119.169 0.0346443 0.999385 -0.00544746 3.52704 0.990077 -0.0350634 -0.136078 -100.835 
287 -0.139474 -0.00230899 -0.990223 119.499 0.0359393 0.999327 -0.00739231 3.59246 0.989573 -0.036619 -0.139297 -101.252 
288 -0.142752 -0.00181554 -0.989757 119.841 0.0360114 0.999327 -0.007027 3.5603 0.989103 -0.0366457 -0.14259 -101.654 
289 -0.145419 -0.000616414 -0.98937 120.126 0.0345959 0.999385 -0.00570761 3.60602 0.988765 -0.0350581 -0.145308 -102.123 
290 -0.147464 0.000845564 -0.989067 120.345 0.0354842 0.99936 -0.0044361 3.38495 0.988431 -0.0357504 -0.147399 -102.672 
291 -0.149579 -0.00359734 -0.988743 120.544 0.0397991 0.999161 -0.00965613 3.42707 0.987948 -0.0407955 -0.14931 -103.239 
292 -0.151381 -0.00584138 -0.988458 120.72 0.0466926 0.998824 -0.0130536 2.96283 0.987372 -0.0481297 -0.150931 -103.864 
294 -0.156461 0.000775295 -0.987684 121.301 0.0478701 0.99883 -0.00679915 2.18742 0.986523 -0.0483443 -0.156315 -104.764 
295 -0.16018 -0.000909428 -0.987087 121.691 0.0398064 0.99918 -0.00738018 3.25715 0.986285 -0.0404745 -0.160013 -105.088 
296 -0.16231 -0.0019251 -0.986738 121.915 0.0375506 0.999262 -0.0081263 3.63431 0.986025 -0.0383716 -0.162118 -105.605 
297 -0.164071 -0.00227408 -0.986446 122.11 0.040657 0.999132 -0.00906564 3.35537 0.98561 -0.0415934 -0.163836 -106.172 
298 -0.167272 -0.00484202 -0.985899 122.432 0.0441355 0.998949 -0.0123943 3.27485 0.984922 -0.0455863 -0.166882 -106.573 
299 -0.169594 -0.0053323 -0.9855 122.683 0.0466048 0.998823 -0.0134246 3.08165 0.984411 -0.0482058 -0.169146 -107.065 
300 -0.171404 -0.00155061 -0.9852 122.908 0.0508693 0.998651 -0.010422 2.24801 0.983887 -0.0519028 -0.171094 -107.595 
301 -0.173493 -0.00137547 -0.984834 123.14 0.0552636 0.99841 -0.0111299 1.77042 0.983283 -0.0563565 -0.173141 -108.108 
302 -0.17626 -0.00204643 -0.984342 123.45 0.0575658 0.998265 -0.0123833 1.60828 0.982659 -0.0588471 -0.175836 -108.547 
303 -0.17838 -0.00112671 -0.983961 123.691 0.0550826 0.99842 -0.011129 1.81161 0.982419 -0.0561843 -0.178036 -109.028 
304 -0.182052 0.00319331 -0.983284 124.141 0.0515209 0.998652 -0.00629572 1.79576 0.981938 -0.0518058 -0.181971 -109.266 
306 -0.194278 0.00393791 -0.980939 125.495 0.0486232 0.998801 -0.00562036 2.13253 0.979741 -0.0487882 -0.194237 -109.263 
307 -0.20297 0.00297925 -0.97918 126.458 0.0488612 0.99878 -0.00708932 2.26391 0.977965 -0.0492828 -0.202868 -108.914 
308 -0.213642 0.00245694 -0.976909 127.636 0.0492768 0.998751 -0.00826458 2.342 0.975668 -0.0499046 -0.213497 -108.293 
309 -0.225422 0.00307403 -0.974256 128.94 0.0502185 0.998702 -0.00846831 2.24885 0.972966 -0.0508346 -0.225284 -107.506 
310 -0.237669 0.00397835 -0.971338 130.292 0.0511007 0.998658 -0.00841319 2.13721 0.970001 -0.0516356 -0.237553 -106.485 
311 -0.249203 0.00713386 -0.968425 131.56 0.0508756 0.998689 -0.00573495 1.90828 0.967114 -0.0506984 -0.249239 -105.791 
312 -0.260459 0.0105101 -0.965428 132.802 0.0509474 0.998697 -0.00287263 1.6236 0.96414 -0.0499343 -0.260656 -104.974 
313 -0.270595 0.014465 -0.962585 133.92 0.0510137 0.998698 0.000667092 1.2707 0.961341 -0.0489245 -0.27098 -104.28 
314 -0.279121 0.0202515 -0.960042 134.866 0.0517917 0.99864 0.00600786 0.639673 0.958858 -0.0480454 -0.27979 -103.745 
315 -0.286643 0.0252703 -0.957704 135.698 0.051963 0.998591 0.0107965 0.147004 0.956627 -0.0466704 -0.287552 -103.331 
317 -0.298102 0.0291778 -0.954088 136.953 0.0502767 0.998625 0.0148311 0.00573766 0.953209 -0.0435473 -0.299159 -103.175 
318 -0.29993 0.0352469 -0.95331 137.165 0.047695 0.998621 0.0219164 -0.329444 0.952768 -0.0388947 -0.301197 -103.553 
319 -0.300613 0.0415396 -0.952841 137.27 0.0465038 0.998501 0.0288587 -0.838666 0.952612 -0.0356355 -0.302094 -104.182 
320 -0.301806 0.0435836 -0.952373 137.413 0.0449824 0.998493 0.0314394 -0.862652 0.952308 -0.0333514 -0.303312 -104.712 
321 -0.301461 0.0460746 -0.952365 137.386 0.0503646 0.998207 0.03235 -1.70332 0.952147 -0.0382132 -0.303241 -105.447 
322 -0.299905 0.0457727 -0.95287 137.214 0.0535791 0.99808 0.031081 -2.02585 0.952463 -0.0417326 -0.301782 -106.373 
323 -0.299361 0.047843 -0.95294 137.155 0.0535898 0.998009 0.0332707 -2.23334 0.952634 -0.0411079 -0.301329 -107.118 
324 -0.297317 0.0489414 -0.953524 136.938 0.0520103 0.998033 0.0350086 -2.1678 0.953361 -0.0391845 -0.299277 -108.118 
325 -0.295799 0.0509544 -0.95389 136.777 0.0492915 0.99806 0.0380287 -2.05388 0.953978 -0.0357699 -0.297737 -109.012 
326 -0.294095 0.0516254 -0.954381 136.589 0.0498618 0.998009 0.0386203 -2.17978 0.954475 -0.0362291 -0.296084 -109.926 
327 -0.291763 0.0528122 -0.955032 136.329 0.0522029 0.997866 0.0392328 -2.56985 0.955065 -0.0384088 -0.293897 -110.92 
328 -0.287515 0.0544542 -0.956227 135.825 0.053856 0.997722 0.040624 -2.9393 0.956261 -0.0398186 -0.289793 -112.181 
329 -0.282333 0.0555631 -0.957706 135.242 0.0531708 0.997693 0.0422082 -2.97953 0.957842 -0.0390052 -0.284636 -113.576 
330 -0.276676 0.0569488 -0.959274 134.578 0.0514568 0.997688 0.0443881 -2.92458 0.959585 -0.0370801 -0.278967 -115.026 
331 -0.272038 0.056715 -0.960614 134.026 0.0493409 0.997771 0.0449358 -2.64913 0.961021 -0.0351733 -0.27423 -116.337 
332 -0.268039 0.0564978 -0.96175 133.546 0.048304 0.997812 0.0451539 -2.50055 0.962196 -0.0343533 -0.270182 -117.547 
333 -0.264081 0.0575068 -0.962785 133.067 0.0469694 0.997803 0.0467153 -2.44007 0.963356 -0.0328848 -0.266202 -118.738 
334 -0.260254 0.0607381 -0.963628 132.603 0.0455098 0.997682 0.0505934 -2.58513 0.964467 -0.0306874 -0.262415 -119.897 
335 -0.256375 0.0628549 -0.964532 132.125 0.0439335 0.99761 0.0533328 -2.59978 0.965578 -0.028702 -0.258523 -121.063 
336 -0.253473 0.0608745 -0.965425 131.765 0.042332 0.99776 0.0517991 -2.19164 0.966416 -0.0277387 -0.255482 -122.109 
337 -0.249667 0.0581419 -0.966585 131.283 0.0432733 0.997868 0.0488463 -2.03438 0.967364 -0.029632 -0.251651 -123.266 
338 -0.244896 0.0592004 -0.96774 130.681 0.0466008 0.997699 0.0492403 -2.57006 0.968429 -0.0330387 -0.247091 -124.516 
339 -0.239182 0.0609009 -0.969063 129.951 0.0499571 0.997481 0.0503566 -3.18478 0.969689 -0.0363672 -0.241622 -125.863 
340 -0.232643 0.0598656 -0.970718 129.136 0.0507872 0.99749 0.0493449 -3.20423 0.971235 -0.0378203 -0.235099 -127.777 
342 -0.213834 0.055851 -0.975272 126.618 0.047207 0.997789 0.0467901 -2.38515 0.975729 -0.0360344 -0.215998 -131.043 
344 -0.188352 0.0565834 -0.98047 123.177 0.044637 0.9978 0.0490086 -2.17305 0.981087 -0.0345343 -0.190464 -135.482 
346 -0.154037 0.0544927 -0.986561 118.389 0.0430095 0.997901 0.0484038 -1.83254 0.987129 -0.0349755 -0.156057 -140.907 
348 -0.111241 0.0495861 -0.992556 112.201 0.0416936 0.998108 0.0451907 -1.30125 0.992918 -0.0363561 -0.113098 -147.046 
349 -0.0893017 0.0435643 -0.995051 108.925 0.0425188 0.998299 0.0398906 -0.914953 0.995097 -0.0387461 -0.0910021 -150.088 
351 -0.0489877 0.0305052 -0.998333 102.706 0.0443778 0.998613 0.0283361 -0.0854201 0.997813 -0.0429157 -0.0502734 -155.918 
353 -0.0245408 0.0149218 -0.999587 98.8242 0.0418585 0.999027 0.0138858 1.70129 0.998822 -0.0415005 -0.0251416 -159.248 
354 -0.0223593 0.0068954 -0.999726 98.428 0.0393546 0.999207 0.00601164 2.86591 0.998975 -0.0392094 -0.0226129 -160.061 
355 -0.0288323 0.000203344 -0.999584 99.4101 0.0360924 0.999348 -0.000837763 4.05709 0.998932 -0.0361016 -0.0288208 -160.007 
356 -0.041261 -0.00242288 -0.999145 101.365 0.0328835 0.999452 -0.00378159 4.87089 0.998607 -0.0330114 -0.0411587 -159.321 
357 -0.0546611 -0.002572 -0.998502 103.485 0.0308654 0.999514 -0.00426428 5.26043 0.998028 -0.0310522 -0.0545552 -158.498 
358 -0.0671431 0.000519509 -0.997743 105.478 0.0295491 0.999562 -0.00146805 5.22535 0.997306 -0.0295809 -0.067129 -157.731 
359 -0.0794019 0.00138854 -0.996842 107.41 0.029073 0.999577 -0.000923419 5.26656 0.996419 -0.0290545 -0.0794087 -156.973 
360 -0.09322 -0.00101238 -0.995645 109.484 0.0283956 0.99959 -0.00367501 5.65422 0.995241 -0.0286145 -0.0931531 -156.476 
362 -0.126596 -0.0040067 -0.991946 114.695 0.0263651 0.999625 -0.00740253 6.35703 0.991604 -0.0270898 -0.126443 -153.353 
363 -0.14192 -0.00215347 -0.989876 117.061 0.0253771 0.999661 -0.00581311 6.38368 0.989553 -0.0259452 -0.141817 -152.088 
364 -0.156126 -0.000413435 -0.987737 119.24 0.0237033 0.99971 -0.00416508 6.52224 0.987453 -0.0240629 -0.156071 -150.906 
365 -0.170398 -6.75875e-05 -0.985375 121.406 0.0221377 0.999747 -0.00389678 6.77095 0.985127 -0.0224779 -0.170354 -149.686 
366 -0.184169 -0.00183728 -0.982893 123.468 0.0210979 0.99976 -0.00582202 7.13833 0.982668 -0.0218092 -0.184086 -148.502 
368 -0.207122 0.00239542 -0.978312 126.941 0.0217317 0.999762 -0.00215295 6.7098 0.978074 -0.0217063 -0.207124 -146.607 
369 -0.216752 0.00707358 -0.976201 128.416 0.0249235 0.999688 0.00170984 5.81623 0.975909 -0.0239597 -0.216861 -145.927 
370 -0.22387 0.00715035 -0.974593 129.477 0.0255553 0.999672 0.00146414 5.74251 0.974284 -0.0245783 -0.223979 -145.545 
372 -0.231714 0.00811893 -0.97275 130.656 0.024337 0.999701 0.00254668 5.86827 0.97248 -0.0230837 -0.231842 -145.508 
374 -0.23403 0.0110085 -0.972167 131.029 0.0227931 0.999723 0.00583353 5.84847 0.971962 -0.0207935 -0.234216 -146.181 
376 -0.238273 0.0114855 -0.97113 131.678 0.0237484 0.9997 0.00599661 5.68947 0.970908 -0.021634 -0.238474 -146.614 
378 -0.244619 0.010635 -0.969561 132.63 0.0279361 0.999602 0.00391622 5.16549 0.969217 -0.0261278 -0.244819 -146.796 
380 -0.255247 0.00918458 -0.966832 134.225 0.0258855 0.999661 0.00266259 5.65747 0.966529 -0.0243473 -0.255398 -146.388 
382 -0.265974 0.0146061 -0.96387 135.885 0.0276164 0.99959 0.00752684 4.92466 0.963585 -0.0246167 -0.266268 -145.956 
384 -0.277499 0.0134686 -0.960632 137.622 0.0304162 0.999524 0.00522754 4.65149 0.960244 -0.0277681 -0.277776 -145.467 
386 -0.288257 0.019315 -0.957358 139.261 0.0328093 0.999409 0.0102847 3.77121 0.956991 -0.0284456 -0.28872 -145.165 
389 -0.300473 0.0213712 -0.953551 141.157 0.030302 0.999458 0.0128516 4.01874 0.953309 -0.0250329 -0.300958 -145.002 
392 -0.307724 0.0282013 -0.951058 142.316 0.0237487 0.999477 0.021953 4.41813 0.951179 -0.0158309 -0.308232 -145.674 
395 -0.308461 0.0278709 -0.950828 142.442 0.0249661 0.999464 0.0211971 4.29451 0.950909 -0.0172 -0.308992 -147.345 
398 -0.302471 0.0292372 -0.95271 141.533 0.0258352 0.999414 0.0224682 4.05557 0.952808 -0.0178175 -0.303049 -149.986 
400 -0.296961 0.0316459 -0.954365 140.692 0.0280949 0.999308 0.0243942 3.48394 0.954476 -0.0195686 -0.297644 -151.936 
402 -0.291131 0.0316461 -0.95616 139.744 0.0307926 0.999245 0.0236964 3.06032 0.956187 -0.0225439 -0.291886 -153.926 
405 -0.278226 0.0312136 -0.960008 137.7 0.0260696 0.999349 0.0249374 3.87321 0.960162 -0.0180888 -0.278858 -157.326 
408 -0.257096 0.0341968 -0.965781 134.245 0.0174339 0.999375 0.0307453 5.03859 0.966228 -0.00893278 -0.257532 -161.662 
411 -0.216905 0.0304693 -0.975717 127.426 0.0179033 0.999469 0.0272311 5.29084 0.976029 -0.011562 -0.217335 -168.346 
414 -0.149634 0.0317458 -0.988232 115.632 0.0247166 0.999292 0.0283586 3.90477 0.988432 -0.0201823 -0.150313 -177.89 
416 -0.0915687 0.0231368 -0.99553 105 0.0196404 0.999578 0.0214243 5.50878 0.995605 -0.0175908 -0.0919845 -185.123 
418 -0.0284101 0.0120175 -0.999524 93.0256 0.0156968 0.99981 0.0115748 7.1505 0.999473 -0.0153604 -0.0285933 -192.16 
420 0.0350324 0.00509253 -0.999373 80.6282 0.00792443 0.999954 0.00537328 9.22743 0.999355 -0.0081077 0.0349904 -198.385 
422 0.100091 0.00431098 -0.994969 67.5056 0.00315561 0.999984 0.00465016 10.2566 0.994973 -0.00360517 0.100075 -203.816 
424 0.169455 0.00246784 -0.985535 53.1492 0.00352 0.999989 0.00310927 10.3278 0.985532 -0.00399596 0.169444 -208.897 
426 0.245757 0.00329172 -0.969326 36.7588 0.00816937 0.999952 0.00546693 9.21575 0.969297 -0.00926231 0.245718 -213.225 
428 0.330108 -0.00358012 -0.943936 17.8208 0.0133556 0.99991 0.000878233 8.61456 0.943849 -0.0128968 0.330126 -216.403 
429 0.371362 -0.00969927 -0.928437 8.26163 0.0190597 0.999814 -0.00282132 7.80198 0.928292 -0.016648 0.371478 -217.488 
430 0.416797 -0.0116733 -0.908924 -2.48115 0.0226216 0.999741 -0.00246624 7.06747 0.908718 -0.0195334 0.416954 -218.071 
431 0.460384 -0.00906045 -0.887674 -13.1167 0.0239281 0.999711 0.00220611 6.40872 0.887397 -0.022256 0.460468 -217.717 
432 0.502831 -0.00591829 -0.864364 -23.455 0.02468 0.999667 0.00751253 5.77809 0.864032 -0.0251101 0.50281 -217.746 
433 0.546202 -0.00180092 -0.837651 -34.4329 0.0236337 0.999633 0.0132615 5.47698 0.83732 -0.0270403 0.546044 -216.749 
434 0.586454 -0.00339594 -0.809975 -44.9468 0.0230115 0.999657 0.01247 5.67646 0.809656 -0.0259518 0.586331 -215.281 
435 0.62534 -0.0096196 -0.780293 -55.4339 0.0238971 0.999691 0.00682714 6.01463 0.779986 -0.022916 0.625377 -213.28 
436 0.66291 -0.013435 -0.748578 -65.6611 0.0245743 0.999691 0.00382012 6.16301 0.748296 -0.0209282 0.663035 -210.714 
438 0.732104 -0.0150634 -0.681026 -85.8468 0.0243777 0.999694 0.00409412 6.1874 0.680757 -0.0195992 0.732247 -204.557 
439 0.762757 -0.0143108 -0.646526 -95.1496 0.0231298 0.999719 0.00515933 6.34908 0.646271 -0.0188893 0.762874 -200.865 
441 0.814651 -0.0133332 -0.579799 -111.72 0.0206405 0.999769 0.00601009 6.79025 0.579585 -0.0168634 0.814738 -193.338 
443 0.85409 -0.0160043 -0.519879 -125.27 0.0208666 0.999776 0.00350329 6.99026 0.519707 -0.0138403 0.854233 -186.129 
445 0.88248 -0.0169642 -0.470045 -135.577 0.0182614 0.999832 -0.00179984 8.0389 0.469996 -0.00699536 0.882641 -180.178 
447 0.901023 -0.0131206 -0.433573 -142.898 0.0123797 0.999913 -0.00453236 9.53075 0.433595 -0.00128373 0.901107 -175.728 
449 0.916391 -0.00530821 -0.400249 -149.142 0.00510277 0.999986 -0.00157903 10.755 0.400251 -0.00059537 0.916405 -172.071 
451 0.929859 -0.00178687 -0.367911 -155.005 0.00213404 0.999998 0.000536792 11.1767 0.367909 -0.00128428 0.929861 -168.461 
453 0.940845 -0.0028956 -0.338826 -160.182 0.00305968 0.999995 -4.98781e-05 11.0641 0.338824 -0.000989773 0.940849 -165.226 
454 0.943963 -0.00568936 -0.330004 -161.7 0.00537516 0.999984 -0.00186457 10.7805 0.330009 -1.37338e-05 0.943978 -164.953 
456 0.945642 -0.011111 -0.32502 -162.613 0.00952362 0.999934 -0.00647435 10.427 0.325071 0.00302705 0.945685 -165.768 
457 0.945767 -0.00952536 -0.324707 -162.642 0.00808121 0.999951 -0.00579582 10.6691 0.324746 0.00285747 0.945797 -166.714 
459 0.945972 -0.00422072 -0.324221 -162.661 0.00367839 0.999991 -0.00228556 11.244 0.324228 0.000969463 0.945979 -168.595 
460 0.946039 -0.00321065 -0.324037 -162.667 0.00310794 0.999995 -0.000834463 11.2192 0.324038 -0.000217654 0.946044 -169.651 
461 0.945988 -0.00310462 -0.324187 -162.63 0.00298575 0.999995 -0.000864056 11.2585 0.324188 -0.000150557 0.945993 -170.723 
462 0.945661 -0.00311274 -0.32514 -162.438 0.00241337 0.999994 -0.00255426 11.5791 0.325146 0.00163078 0.945662 -171.933 
463 0.945389 -0.0022338 -0.325937 -162.275 0.000700974 0.999988 -0.00482021 12.2021 0.325944 0.0043285 0.945379 -173.196 
464 0.945166 1.50395e-05 -0.326589 -162.129 -0.00181686 0.999985 -0.00521205 12.7957 0.326584 0.00551963 0.945152 -174.294 
465 0.945054 -7.95928e-05 -0.326914 -162.086 -0.00168362 0.999986 -0.00511052 12.7672 0.32691 0.00538012 0.94504 -175.075 
